3.974999487400054932e-01
5.513001084327697754e-01
5.834000110626220703e-01
6.463999152183532715e-01
7.059999704360961914e-01
7.500999569892883301e-01
7.797001600265502930e-01
8.054001331329345703e-01
8.254001140594482422e-01
8.434998989105224609e-01
8.539998531341552734e-01
8.658000230789184570e-01
8.752000331878662109e-01
8.832002282142639160e-01
8.886002302169799805e-01
8.934001922607421875e-01
8.990001082420349121e-01
9.016001224517822266e-01
9.054001569747924805e-01
9.065999388694763184e-01
9.091999530792236328e-01
9.109998345375061035e-01
9.144999980926513672e-01
9.171000719070434570e-01
9.193001389503479004e-01
9.200999736785888672e-01
9.206000566482543945e-01
9.225000143051147461e-01
9.230999946594238281e-01
9.250997900962829590e-01
9.252998828887939453e-01
9.263998270034790039e-01
9.271999597549438477e-01
9.288999438285827637e-01
9.302999973297119141e-01
9.318001270294189453e-01
9.315998554229736328e-01
9.338999390602111816e-01
9.345999360084533691e-01
9.348999857902526855e-01
9.351999163627624512e-01
9.353000521659851074e-01
9.365999102592468262e-01
9.383999705314636230e-01
9.387001991271972656e-01
9.382002353668212891e-01
9.383999705314636230e-01
9.385998249053955078e-01
9.389998912811279297e-01
9.397997856140136719e-01
9.402999877929687500e-01
9.406997561454772949e-01
9.420999288558959961e-01
9.423997402191162109e-01
9.424997568130493164e-01
9.426997303962707520e-01
9.424998760223388672e-01
9.439997673034667969e-01
9.435997605323791504e-01
9.447999596595764160e-01
9.438999295234680176e-01
9.456998705863952637e-01
9.445999264717102051e-01
9.460999369621276855e-01
9.455999732017517090e-01
9.462997913360595703e-01
9.464997649192810059e-01
9.472998976707458496e-01
9.472997784614562988e-01
9.467998743057250977e-01
9.471999406814575195e-01
9.472997784614562988e-01
9.473999142646789551e-01
9.480999112129211426e-01
9.477998614311218262e-01
9.487997293472290039e-01
9.484998583793640137e-01
9.485996961593627930e-01
9.489997625350952148e-01
9.491999149322509766e-01
9.489998817443847656e-01
9.494999051094055176e-01
9.499996900558471680e-01
9.494999051094055176e-01
9.498998522758483887e-01
9.499998688697814941e-01
9.499998688697814941e-01
9.500998854637145996e-01
9.505999088287353516e-01
9.502000212669372559e-01
9.500999450683593750e-01
9.506000280380249023e-01
9.516998529434204102e-01
9.523999094963073730e-01
9.502999782562255859e-01
9.504999518394470215e-01
9.513999223709106445e-01
9.514999985694885254e-01
9.518001079559326172e-01
9.520002007484436035e-01
