3.155999779701232910e-01
4.569999277591705322e-01
5.348000526428222656e-01
5.898999571800231934e-01
6.412999629974365234e-01
6.859999895095825195e-01
7.151000499725341797e-01
7.366999983787536621e-01
7.526000738143920898e-01
7.644001841545104980e-01
7.827001214027404785e-01
7.895997762680053711e-01
8.031997084617614746e-01
8.086000084877014160e-01
8.180001974105834961e-01
8.264999389648437500e-01
8.328999876976013184e-01
8.381001353263854980e-01
8.397003412246704102e-01
8.484003543853759766e-01
8.522001504898071289e-01
8.583000302314758301e-01
8.610999584197998047e-01
8.690000772476196289e-01
8.729001879692077637e-01
8.720002174377441406e-01
8.752000927925109863e-01
8.777002096176147461e-01
8.829000592231750488e-01
8.840001821517944336e-01
8.851000070571899414e-01
8.869001269340515137e-01
8.914001584053039551e-01
8.906999826431274414e-01
8.917000293731689453e-01
8.959999680519104004e-01
8.975000977516174316e-01
8.996000885963439941e-01
8.982001543045043945e-01
9.000002145767211914e-01
9.005002379417419434e-01
9.025002121925354004e-01
9.004001617431640625e-01
9.034001827239990234e-01
9.071002006530761719e-01
9.079000949859619141e-01
9.078001379966735840e-01
9.083001017570495605e-01
9.102000594139099121e-01
9.108000993728637695e-01
9.115000963211059570e-01
9.115998744964599609e-01
9.126998782157897949e-01
9.126999378204345703e-01
9.128998517990112305e-01
9.144000411033630371e-01
9.147999286651611328e-01
9.165997505187988281e-01
9.179997444152832031e-01
9.171998500823974609e-01
9.180998206138610840e-01
9.177998304367065430e-01
9.190999865531921387e-01
9.189999103546142578e-01
9.203999042510986328e-01
9.203999042510986328e-01
9.225998520851135254e-01
9.231000542640686035e-01
9.234001040458679199e-01
9.245000481605529785e-01
9.244000315666198730e-01
9.245000481605529785e-01
9.239000082015991211e-01
9.239000082015991211e-01
9.253000020980834961e-01
9.261000156402587891e-01
9.260000586509704590e-01
9.259998202323913574e-01
9.267000555992126465e-01
9.264001250267028809e-01
9.269998669624328613e-01
9.277999401092529297e-01
9.290001392364501953e-01
9.276000857353210449e-01
9.281001091003417969e-01
9.290999770164489746e-01
9.300999641418457031e-01
9.292999505996704102e-01
9.316999912261962891e-01
9.313999414443969727e-01
9.317000508308410645e-01
9.318000078201293945e-01
9.327998161315917969e-01
9.322999715805053711e-01
9.329000115394592285e-01
9.329001903533935547e-01
9.335001111030578613e-01
9.344000816345214844e-01
9.342002272605895996e-01
9.337000250816345215e-01
