3.329000174999237061e-01
4.724998772144317627e-01
4.854999184608459473e-01
4.157999753952026367e-01
5.378999114036560059e-01
5.577000379562377930e-01
6.177999973297119141e-01
5.798000097274780273e-01
7.498999238014221191e-01
5.646999478340148926e-01
6.310998797416687012e-01
7.773998975753784180e-01
6.596999168395996094e-01
7.542000412940979004e-01
8.146000504493713379e-01
7.823001742362976074e-01
7.785999178886413574e-01
8.201002478599548340e-01
7.834998369216918945e-01
7.662999629974365234e-01
8.309002518653869629e-01
7.835001349449157715e-01
8.370998501777648926e-01
8.167000412940979004e-01
7.859998941421508789e-01
7.383000850677490234e-01
8.296001553535461426e-01
8.161000013351440430e-01
8.719000220298767090e-01
8.735000491142272949e-01
7.960998415946960449e-01
8.104000687599182129e-01
8.395998477935791016e-01
8.199999928474426270e-01
8.082001209259033203e-01
8.392001390457153320e-01
8.379001021385192871e-01
8.601998090744018555e-01
8.314000964164733887e-01
7.822998166084289551e-01
8.498000502586364746e-01
8.572998642921447754e-01
8.745999932289123535e-01
8.575000762939453125e-01
8.649999499320983887e-01
8.445001840591430664e-01
8.196000456809997559e-01
8.541001081466674805e-01
8.240001201629638672e-01
8.075000643730163574e-01
8.519999980926513672e-01
8.176002502441406250e-01
8.344998955726623535e-01
8.765001893043518066e-01
8.828999400138854980e-01
8.701000213623046875e-01
8.648997545242309570e-01
8.335000872611999512e-01
8.974999189376831055e-01
8.347001671791076660e-01
8.971001505851745605e-01
8.517000079154968262e-01
8.868000507354736328e-01
8.613998889923095703e-01
9.020999670028686523e-01
8.919001221656799316e-01
9.032998085021972656e-01
8.750002980232238770e-01
8.698000311851501465e-01
9.014999270439147949e-01
8.160999417304992676e-01
8.534000515937805176e-01
8.758001923561096191e-01
9.099998474121093750e-01
8.923000097274780273e-01
8.884998559951782227e-01
8.820999264717102051e-01
9.019999504089355469e-01
8.979002237319946289e-01
8.633000254631042480e-01
9.077998995780944824e-01
8.519001007080078125e-01
8.969998359680175781e-01
8.704000115394592285e-01
9.113000631332397461e-01
8.941001296043395996e-01
9.014998674392700195e-01
8.579002618789672852e-01
8.855001330375671387e-01
8.753999471664428711e-01
9.066998362541198730e-01
8.921001553535461426e-01
8.867998719215393066e-01
8.895002007484436035e-01
8.868999481201171875e-01
8.829001784324645996e-01
9.221996068954467773e-01
9.113003015518188477e-01
9.077998995780944824e-01
8.965997099876403809e-01
