3.135000467300415039e-01
2.658999860286712646e-01
3.815999329090118408e-01
5.899999141693115234e-01
6.935998797416687012e-01
6.922999620437622070e-01
7.561998963356018066e-01
8.238001465797424316e-01
8.251000046730041504e-01
8.008000850677490234e-01
8.259999155998229980e-01
8.338999748229980469e-01
7.983998656272888184e-01
8.192999958992004395e-01
8.417999744415283203e-01
8.437998890876770020e-01
8.192998766899108887e-01
8.343996405601501465e-01
8.670998215675354004e-01
8.754002451896667480e-01
8.776000738143920898e-01
8.737003207206726074e-01
8.894999027252197266e-01
8.992999792098999023e-01
8.920001387596130371e-01
8.958997130393981934e-01
8.952001929283142090e-01
8.956999182701110840e-01
9.039001464843750000e-01
9.000999927520751953e-01
8.955000042915344238e-01
8.841998577117919922e-01
9.118000864982604980e-01
9.126000404357910156e-01
8.998999595642089844e-01
8.959998488426208496e-01
9.089003205299377441e-01
8.808000087738037109e-01
8.775000572204589844e-01
9.091998934745788574e-01
9.136999249458312988e-01
9.092001914978027344e-01
8.972999453544616699e-01
9.146001338958740234e-01
9.055001139640808105e-01
9.082000255584716797e-01
9.168000221252441406e-01
9.153000712394714355e-01
9.187998175621032715e-01
9.050001502037048340e-01
9.204000234603881836e-01
9.223000407218933105e-01
9.231002926826477051e-01
9.084001183509826660e-01
9.245000481605529785e-01
9.188000559806823730e-01
9.105000495910644531e-01
9.243000149726867676e-01
9.176999926567077637e-01
9.231998324394226074e-01
9.276999831199645996e-01
9.252998232841491699e-01
9.319999217987060547e-01
9.287000894546508789e-01
9.293000698089599609e-01
9.206001162528991699e-01
9.255999922752380371e-01
9.266998767852783203e-01
9.315998554229736328e-01
9.223998785018920898e-01
9.055001735687255859e-01
9.181998968124389648e-01
9.286000728607177734e-01
9.332000017166137695e-01
9.277999997138977051e-01
9.229998588562011719e-01
9.270001053810119629e-01
9.314001202583312988e-01
9.318000078201293945e-01
9.341999292373657227e-01
9.255998730659484863e-01
9.264000058174133301e-01
9.329998493194580078e-01
9.360000491142272949e-01
9.242000579833984375e-01
9.196000695228576660e-01
9.159001708030700684e-01
9.370002150535583496e-01
9.302999377250671387e-01
9.276999831199645996e-01
9.284002184867858887e-01
9.333000779151916504e-01
9.369999766349792480e-01
9.391999244689941406e-01
9.373999834060668945e-01
9.307002425193786621e-01
9.382997155189514160e-01
9.362000226974487305e-01
9.404999017715454102e-01
9.394000172615051270e-01
