3.137000799179077148e-01
4.116999804973602295e-01
4.565999209880828857e-01
4.690999686717987061e-01
5.994001030921936035e-01
5.906000733375549316e-01
6.287999749183654785e-01
6.131000518798828125e-01
6.417999863624572754e-01
6.290999054908752441e-01
6.474998593330383301e-01
7.027999758720397949e-01
7.706999778747558594e-01
8.307999968528747559e-01
7.678999900817871094e-01
8.095000982284545898e-01
8.286001086235046387e-01
7.831999063491821289e-01
8.470998406410217285e-01
8.573000431060791016e-01
8.055003285408020020e-01
8.605999946594238281e-01
8.517000675201416016e-01
8.205997943878173828e-01
8.761001825332641602e-01
8.570000529289245605e-01
8.686003088951110840e-01
8.690001964569091797e-01
8.790000677108764648e-01
8.646999597549438477e-01
8.657999634742736816e-01
8.477000594139099121e-01
8.641000390052795410e-01
8.722001910209655762e-01
8.667998313903808594e-01
8.890001773834228516e-01
8.919999599456787109e-01
8.442997932434082031e-01
8.747000098228454590e-01
8.716000914573669434e-01
8.968999981880187988e-01
8.705000877380371094e-01
8.990001678466796875e-01
8.858000040054321289e-01
8.702000975608825684e-01
8.548998236656188965e-01
9.054998755455017090e-01
8.813000321388244629e-01
9.024999737739562988e-01
8.992000818252563477e-01
8.974001407623291016e-01
9.103999137878417969e-01
9.024999737739562988e-01
9.053001403808593750e-01
8.879001140594482422e-01
9.131000041961669922e-01
8.854999542236328125e-01
8.917000293731689453e-01
8.770000934600830078e-01
8.819999694824218750e-01
8.941001296043395996e-01
8.820002675056457520e-01
9.205999970436096191e-01
9.049999713897705078e-01
8.816000223159790039e-01
9.189000725746154785e-01
9.233000278472900391e-01
9.156001806259155273e-01
9.058998227119445801e-01
9.209000468254089355e-01
8.946000933647155762e-01
9.116001129150390625e-01
9.233000278472900391e-01
9.159000515937805176e-01
9.157000184059143066e-01
9.210000038146972656e-01
9.120000600814819336e-01
9.224002957344055176e-01
9.060003161430358887e-01
9.061998724937438965e-01
9.004001617431640625e-01
9.176999926567077637e-01
9.230998754501342773e-01
9.193000793457031250e-01
9.173003435134887695e-01
9.163001775741577148e-01
9.226000308990478516e-01
9.013000726699829102e-01
9.189999103546142578e-01
9.017998576164245605e-01
9.115000367164611816e-01
9.242001175880432129e-01
9.272999763488769531e-01
9.084998965263366699e-01
9.154999256134033203e-01
9.215000271797180176e-01
9.275997281074523926e-01
9.039000868797302246e-01
9.193999767303466797e-01
9.326997995376586914e-01
