2.823000252246856689e-01
3.366000652313232422e-01
4.640999734401702881e-01
5.067000985145568848e-01
6.370999813079833984e-01
5.891999602317810059e-01
6.010999679565429688e-01
6.966999173164367676e-01
7.071999907493591309e-01
7.723999619483947754e-01
7.114000916481018066e-01
7.707999348640441895e-01
7.855000495910644531e-01
8.000000119209289551e-01
8.260999321937561035e-01
7.702999711036682129e-01
7.885999083518981934e-01
8.109999895095825195e-01
8.199997544288635254e-01
8.296999931335449219e-01
8.106999397277832031e-01
7.834000587463378906e-01
7.988000512123107910e-01
8.506000638008117676e-01
8.268002867698669434e-01
8.086000680923461914e-01
8.550000190734863281e-01
8.204002976417541504e-01
8.606001138687133789e-01
8.540999889373779297e-01
8.457001447677612305e-01
8.208999037742614746e-01
8.516998291015625000e-01
8.749001026153564453e-01
8.671002984046936035e-01
8.636999726295471191e-01
8.617002964019775391e-01
8.571999073028564453e-01
8.757999539375305176e-01
8.881002068519592285e-01
8.868001699447631836e-01
8.659999966621398926e-01
8.681000471115112305e-01
8.711000680923461914e-01
8.759999871253967285e-01
8.966002464294433594e-01
8.793999552726745605e-01
8.914002180099487305e-01
8.745000958442687988e-01
8.721999526023864746e-01
8.563001155853271484e-01
8.741002678871154785e-01
9.014000892639160156e-01
8.772000670433044434e-01
8.855999708175659180e-01
8.509001135826110840e-01
8.612998127937316895e-01
8.733999729156494141e-01
8.757999539375305176e-01
8.715001940727233887e-01
9.071001410484313965e-01
8.941001892089843750e-01
9.013998508453369141e-01
8.999998569488525391e-01
9.040001630783081055e-01
9.030998945236206055e-01
9.083001613616943359e-01
9.101999402046203613e-01
9.054999351501464844e-01
8.846002221107482910e-01
8.905001878738403320e-01
8.920001983642578125e-01
9.047003388404846191e-01
9.063001275062561035e-01
9.100000262260437012e-01
9.015999436378479004e-01
8.874000310897827148e-01
9.138000607490539551e-01
9.099001288414001465e-01
8.919000029563903809e-01
9.033000469207763672e-01
9.173001050949096680e-01
9.077001214027404785e-01
9.051000475883483887e-01
9.062998294830322266e-01
8.930999040603637695e-01
9.141000509262084961e-01
9.047001004219055176e-01
9.184000492095947266e-01
9.050998687744140625e-01
9.143999218940734863e-01
9.025996923446655273e-01
9.094000458717346191e-01
9.085000753402709961e-01
9.173000454902648926e-01
9.010999798774719238e-01
9.179998636245727539e-01
9.115003347396850586e-01
9.226002693176269531e-01
9.035998582839965820e-01
