4.027000069618225098e-01
3.108000457286834717e-01
5.524998903274536133e-01
4.581000208854675293e-01
6.463999748229980469e-01
6.190000176429748535e-01
6.094000935554504395e-01
6.029000878334045410e-01
6.692000031471252441e-01
8.170999884605407715e-01
8.224998712539672852e-01
7.111998796463012695e-01
7.337998747825622559e-01
7.620002031326293945e-01
7.626002430915832520e-01
8.048999309539794922e-01
7.990002632141113281e-01
7.736001014709472656e-01
7.970001697540283203e-01
8.496000170707702637e-01
8.319000005722045898e-01
8.312997221946716309e-01
8.500998020172119141e-01
8.212001323699951172e-01
7.939002513885498047e-01
8.733999729156494141e-01
8.237999677658081055e-01
8.627998232841491699e-01
8.018000125885009766e-01
8.647000789642333984e-01
8.429000377655029297e-01
8.075000643730163574e-01
8.711000084877014160e-01
8.617002367973327637e-01
8.706000447273254395e-01
8.612000942230224609e-01
8.814000487327575684e-01
8.740001916885375977e-01
8.528001308441162109e-01
8.645001053810119629e-01
8.795999288558959961e-01
8.867999911308288574e-01
8.726000189781188965e-01
8.890999555587768555e-01
8.998999595642089844e-01
8.814001679420471191e-01
8.828999996185302734e-01
8.610002398490905762e-01
8.816999197006225586e-01
8.730999231338500977e-01
8.587001562118530273e-01
8.979999423027038574e-01
8.998998403549194336e-01
8.964999914169311523e-01
8.817000389099121094e-01
8.790000677108764648e-01
8.931002616882324219e-01
8.611000776290893555e-01
8.970000743865966797e-01
8.941001296043395996e-01
8.866001367568969727e-01
8.965998888015747070e-01
8.793999552726745605e-01
9.026003479957580566e-01
9.077001214027404785e-01
9.078001379966735840e-01
8.880999684333801270e-01
8.914999961853027344e-01
9.014002084732055664e-01
8.529000878334045410e-01
8.467001914978027344e-01
9.004001617431640625e-01
9.025999307632446289e-01
9.027000665664672852e-01
8.944001197814941406e-01
8.915998339653015137e-01
8.688998222351074219e-01
8.733001947402954102e-01
8.885000348091125488e-01
8.987001180648803711e-01
8.691999912261962891e-01
9.140999317169189453e-01
8.892999887466430664e-01
9.044998884201049805e-01
8.902001380920410156e-01
9.134998321533203125e-01
9.078000783920288086e-01
8.975000977516174316e-01
8.898000121116638184e-01
8.751001954078674316e-01
8.931001424789428711e-01
9.048999547958374023e-01
9.006996750831604004e-01
9.191998839378356934e-01
9.190000891685485840e-01
8.672000765800476074e-01
8.857001662254333496e-01
8.553998470306396484e-01
9.060001373291015625e-01
9.143001437187194824e-01
