2.475000023841857910e-01
5.092999339103698730e-01
5.027000308036804199e-01
6.250999569892883301e-01
5.597000718116760254e-01
6.270000338554382324e-01
6.157000064849853516e-01
6.544998884201049805e-01
5.652000308036804199e-01
5.181999802589416504e-01
6.818001270294189453e-01
6.430001854896545410e-01
6.270000338554382324e-01
6.320001482963562012e-01
7.161000967025756836e-01
6.964998841285705566e-01
7.489000558853149414e-01
7.284001111984252930e-01
7.559999823570251465e-01
8.042999505996704102e-01
8.129002451896667480e-01
7.656996250152587891e-01
7.489999532699584961e-01
7.640001773834228516e-01
7.972000837326049805e-01
7.246000766754150391e-01
7.323001623153686523e-01
7.823999524116516113e-01
8.051002025604248047e-01
7.905001044273376465e-01
8.320000171661376953e-01
8.152999877929687500e-01
7.674001455307006836e-01
8.651998639106750488e-01
8.056000471115112305e-01
8.741999864578247070e-01
8.401000499725341797e-01
7.491002678871154785e-01
8.433998823165893555e-01
7.993999719619750977e-01
8.161000609397888184e-01
7.967000603675842285e-01
8.401002287864685059e-01
7.756998538970947266e-01
8.051000833511352539e-01
8.492000699043273926e-01
8.522001504898071289e-01
8.526999950408935547e-01
8.781003355979919434e-01
8.614002466201782227e-01
8.799002170562744141e-01
8.791999220848083496e-01
8.535998463630676270e-01
8.688000440597534180e-01
8.516001701354980469e-01
7.736999988555908203e-01
7.808998823165893555e-01
8.482000827789306641e-01
8.305000066757202148e-01
8.660000562667846680e-01
8.780001997947692871e-01
8.499001860618591309e-01
8.278001546859741211e-01
8.597001433372497559e-01
8.674002289772033691e-01
8.490001559257507324e-01
8.572000861167907715e-01
8.998000621795654297e-01
8.643000125885009766e-01
8.934000134468078613e-01
8.889001607894897461e-01
8.713000416755676270e-01
8.350999951362609863e-01
8.398002386093139648e-01
8.243001699447631836e-01
9.127001762390136719e-01
8.855001926422119141e-01
8.481000661849975586e-01
8.745999932289123535e-01
8.413000702857971191e-01
8.416998982429504395e-01
8.568000197410583496e-01
8.710002303123474121e-01
8.368000984191894531e-01
9.075000286102294922e-01
8.830001354217529297e-01
9.035000801086425781e-01
7.982000112533569336e-01
8.605000972747802734e-01
8.261999487876892090e-01
8.986998796463012695e-01
8.601001501083374023e-01
9.107998609542846680e-01
8.748996853828430176e-01
9.034001231193542480e-01
8.899999856948852539e-01
8.332999348640441895e-01
8.827003240585327148e-01
8.872999548912048340e-01
8.912000060081481934e-01
