4.845999777317047119e-01
2.788001000881195068e-01
2.808000445365905762e-01
4.458000659942626953e-01
3.375000059604644775e-01
5.647000670433044434e-01
5.046000480651855469e-01
6.126999855041503906e-01
5.964000225067138672e-01
5.197999477386474609e-01
6.339000463485717773e-01
6.218000054359436035e-01
7.011001110076904297e-01
6.572999358177185059e-01
7.299998998641967773e-01
5.810000300407409668e-01
7.188999056816101074e-01
7.421001195907592773e-01
6.089999675750732422e-01
6.985999345779418945e-01
7.117998003959655762e-01
7.466000914573669434e-01
7.031999826431274414e-01
7.148000597953796387e-01
8.393999338150024414e-01
8.193999528884887695e-01
7.951000332832336426e-01
8.593000173568725586e-01
7.378998398780822754e-01
7.780000567436218262e-01
7.942001819610595703e-01
8.466000556945800781e-01
7.989998459815979004e-01
7.760999798774719238e-01
7.201999425888061523e-01
7.253000140190124512e-01
8.490000963211059570e-01
8.366999626159667969e-01
8.050999641418457031e-01
7.861000299453735352e-01
6.293999552726745605e-01
7.661001086235046387e-01
7.924001216888427734e-01
8.819000720977783203e-01
7.998000383377075195e-01
8.715000748634338379e-01
7.434000372886657715e-01
8.185000419616699219e-01
8.162000179290771484e-01
7.994999885559082031e-01
7.235000133514404297e-01
8.727997541427612305e-01
8.341999650001525879e-01
9.085999131202697754e-01
8.708997368812561035e-01
8.233001828193664551e-01
8.420999646186828613e-01
8.522998690605163574e-01
8.489000797271728516e-01
8.891001343727111816e-01
8.081001043319702148e-01
8.346999287605285645e-01
8.445001244544982910e-01
8.791999220848083496e-01
8.904998898506164551e-01
8.750000596046447754e-01
9.217000603675842285e-01
8.571000099182128906e-01
8.305999636650085449e-01
9.034001231193542480e-01
8.999000787734985352e-01
8.740999102592468262e-01
9.149000048637390137e-01
8.950999379158020020e-01
8.486000299453735352e-01
9.217000007629394531e-01
9.220001101493835449e-01
9.077001214027404785e-01
9.105001091957092285e-01
9.026998877525329590e-01
9.024000763893127441e-01
8.738999366760253906e-01
9.028998613357543945e-01
9.128001332283020020e-01
8.225999474525451660e-01
9.182999134063720703e-01
8.969998955726623535e-01
8.619002699851989746e-01
9.207001328468322754e-01
7.745001316070556641e-01
9.000001549720764160e-01
9.021002054214477539e-01
8.885001540184020996e-01
8.994001150131225586e-01
8.830999732017517090e-01
7.769000530242919922e-01
9.153003096580505371e-01
9.171000719070434570e-01
9.167999029159545898e-01
9.141000509262084961e-01
