3.968000411987304688e-01
8.960001170635223389e-02
2.720999717712402344e-01
2.778000533580780029e-01
4.052999615669250488e-01
5.743999481201171875e-01
6.377999782562255859e-01
6.430001258850097656e-01
7.055001854896545410e-01
7.567999362945556641e-01
6.548999547958374023e-01
6.942997574806213379e-01
7.255001068115234375e-01
6.874999403953552246e-01
7.481999397277832031e-01
8.360999226570129395e-01
7.626001238822937012e-01
8.012998700141906738e-01
8.231999874114990234e-01
8.154000043869018555e-01
5.620999932289123535e-01
7.069998979568481445e-01
8.479000926017761230e-01
7.955999970436096191e-01
7.780001163482666016e-01
8.672997951507568359e-01
8.373001813888549805e-01
7.555999159812927246e-01
7.799999117851257324e-01
7.546998858451843262e-01
7.098001241683959961e-01
7.384995818138122559e-01
7.698000073432922363e-01
8.819000124931335449e-01
7.724001407623291016e-01
8.571000695228576660e-01
8.037999868392944336e-01
7.819001078605651855e-01
8.452997803688049316e-01
8.118999600410461426e-01
7.741002440452575684e-01
8.845002055168151855e-01
8.308001756668090820e-01
8.027001023292541504e-01
8.705000281333923340e-01
7.439998388290405273e-01
8.609000444412231445e-01
8.530000448226928711e-01
8.889001607894897461e-01
9.110003709793090820e-01
8.920001983642578125e-01
8.322998881340026855e-01
8.932996988296508789e-01
7.939998507499694824e-01
7.620998620986938477e-01
7.932000160217285156e-01
8.160000443458557129e-01
9.077998399734497070e-01
8.967000842094421387e-01
8.935000896453857422e-01
8.811000585556030273e-01
8.018999695777893066e-01
7.628001570701599121e-01
8.839996457099914551e-01
8.738999366760253906e-01
8.834999799728393555e-01
8.934999704360961914e-01
8.689001202583312988e-01
8.852998614311218262e-01
8.883998394012451172e-01
8.155999779701232910e-01
8.879001736640930176e-01
8.617001175880432129e-01
7.835001945495605469e-01
8.960999846458435059e-01
8.217002153396606445e-01
8.637999892234802246e-01
7.968999743461608887e-01
8.931999802589416504e-01
9.121001958847045898e-01
8.643001317977905273e-01
9.049001932144165039e-01
8.955999612808227539e-01
9.013999700546264648e-01
8.976998925209045410e-01
8.712998032569885254e-01
8.167001605033874512e-01
8.600000143051147461e-01
8.927001953125000000e-01
9.011996984481811523e-01
8.773002028465270996e-01
9.100001454353332520e-01
8.624999523162841797e-01
8.525000214576721191e-01
8.858997821807861328e-01
8.338999152183532715e-01
9.125997424125671387e-01
9.100999236106872559e-01
8.918001651763916016e-01
8.687999248504638672e-01
