0.119500026
0.2022999
0.21609998
0.21059999
0.235
0.25139996
0.25169992
0.27220002
0.2861001
0.29680005
0.32890004
0.3157
0.3297
0.36339998
0.36670002
0.35190004
0.3712
0.39960003
0.4112999
0.40839988
0.42899984
0.43139997
0.44630003
0.44859996
0.4435999
0.46139994
0.47500002
0.45400006
0.46559986
0.4665998
0.46170008
0.46429983
0.48799998
0.49940002
0.49190018
0.49350002
0.5019
0.50229996
0.5028
0.46159983
0.4959001
0.49000004
0.4992999
0.50399995
0.5122998
0.50389993
0.5115999
0.51699996
0.5135
0.5035
0.51150006
0.5196
0.50689995
0.5229
0.5033001
0.49300003
0.5169
0.52340007
0.5302999
0.5290998
0.5380999
0.53999996
0.53269994
0.5341
0.53519994
0.5318999
0.53740007
0.54150003
0.55270016
0.5261
0.53849995
0.53709996
0.5494999
0.5439999
0.5275
0.55709994
0.5457999
0.54960006
0.551
0.50999993
0.5224
0.5212001
0.5463999
0.5576
0.5598
0.5450999
0.54699993
0.5569
0.5446
0.54019994
0.54399997
0.55770004
0.5272
0.5644001
0.55669993
0.54989994
0.56060016
0.5652
0.5696001
0.5628