0.116699986
0.22239994
0.23049998
0.26199996
0.26870003
0.3079001
0.33440003
0.37100005
0.39620003
0.4156999
0.40999988
0.4414
0.44479996
0.45130002
0.44210002
0.46409997
0.49759993
0.50519985
0.51129985
0.5195999
0.5144999
0.52390003
0.50369996
0.52429986
0.5173999
0.5407
0.53520006
0.5493
0.5496999
0.5471999
0.5473
0.5623001
0.561
0.57159996
0.5658999
0.5672
0.56540006
0.55880004
0.5599
0.5759001
0.5780002
0.5753999
0.57390016
0.58460003
0.5874999
0.57460016
0.58280015
0.5876001
0.5894
0.58940005
0.58460003
0.60350007
0.5832998
0.5998002
0.5939002
0.6032001
0.6074999
0.5956
0.5978
0.60679996
0.59629995
0.59639996
0.5982001
0.60669994
0.605
0.6077001
0.60310006
0.60910004
0.60469997
0.6026
0.61239994
0.6072999
0.6092001
0.60949993
0.6133
0.60840017
0.6088001
0.61420006
0.6092999
0.6133
0.60410005
0.61160004
0.61790013
0.61770016
0.6149002
0.61590004
0.6130998
0.61590016
0.6157
0.61320007
0.61980003
0.6239
0.61300004
0.6179
0.62340015
0.6071999
0.599
0.6027
0.61310005
0.6123