0.1413
0.1558
0.17619999
0.27220002
0.27909994
0.28599998
0.31059995
0.33710006
0.34469998
0.3786
0.40449992
0.4112999
0.4275001
0.42419982
0.4389
0.44179997
0.4529
0.43889984
0.4721999
0.46329996
0.47339997
0.4685
0.49089992
0.4742
0.47219992
0.48890007
0.48939997
0.48869985
0.49099985
0.50049984
0.51289994
0.51250005
0.5163999
0.5155999
0.53420013
0.532
0.52979994
0.5166999
0.53489995
0.54100007
0.5279998
0.53629994
0.5485
0.5505999
0.5435999
0.5453
0.54100007
0.53660005
0.5517
0.5524999
0.5487999
0.5458998
0.5482
0.55
0.56079996
0.55250007
0.5654
0.5593
0.54839987
0.5609
0.5698001
0.5597
0.5638001
0.56420004
0.56540006
0.5588
0.56099993
0.57549995
0.5744999
0.5791
0.57549995
0.57690006
0.5781999
0.57470006
0.57329994
0.5738
0.57150006
0.56499976
0.57049996
0.5805
0.5758999586105347
0.5751000642776489
0.5739998817443848
0.5747000575065613
0.578299880027771
0.5763999223709106
0.5783998966217041
0.579200029373169
0.5859999656677246
0.5813000202178955
0.5827999711036682
0.578700065612793
 0.5807000994682312
0.5794000625610352
0.5750000476837158
0.5796000361442566
0.5796999335289001
0.5867998600006104
0.5788000822067261
 0.5807000994682312