0.1105
0.18939994
0.19629999
0.20869991
0.21770003
0.25629997
0.30769998
0.30609995
0.31179994
0.34789997
0.37730002
0.37419993
0.40200004
0.40569994
0.42579997
0.43959993
0.4446999
0.42399997
0.43729994
0.45659995
0.45819992
0.46559995
0.47459987
0.4761999
0.47379985
0.48230007
0.49250007
0.49329993
0.49749994
0.49949995
0.5019999
0.5068
0.5066999
0.5162999
0.51469994
0.519
0.5174999
0.51239985
0.52159995
0.52620006
0.529
0.5258999
0.5334
0.53699994
0.53739995
0.523
0.5399002
0.5348
0.54269993
0.53489995
0.5479001
0.5504001
0.5492001
0.54639995
0.5351
0.5402999
0.5597
0.5492999
0.55300003
0.5542
0.5498
0.5503001
0.5545
0.553
0.5554
0.5507999
0.56289995
0.56159997
0.56049997
0.5610001
0.5571
0.5545
0.56450003
0.56850016
0.5546
0.5652999
0.5637999
0.56009996
0.5611
0.5631
0.5627001
0.5651999
0.56319994
0.5674001
0.5614
0.56460005
0.56740004
0.5684999
0.57360005
0.5731998
0.5701999
0.5759
0.57010007
0.5694
0.5685
0.5673999
0.5629001
0.5619
0.56900007
0.5755001