0.102199994
0.15399998
0.22279996
0.26599994
0.31359997
0.2748
0.36490008
0.3511001
0.3697001
0.40909994
0.4454999
0.46399993
0.47480005
0.4559999
0.45959982
0.47379997
0.4734
0.48249987
0.49710003
0.5132998
0.5174999
0.51460016
0.5165999
0.5167
0.5273
0.52669996
0.53260005
0.51540005
0.49920017
0.5492
0.5419001
0.5418998
0.56160015
0.5605001
0.5606
0.5639001
0.5587
0.5701002
0.5653
0.5781999
0.56869996
0.57039994
0.57329994
0.57750005
0.58169997
0.5794
0.5836
0.57980007
0.5829001
0.5878
0.5871002
0.5872
0.5808
0.5905
0.5931
0.5948001
0.59780025
0.5985
0.6036001
0.5929
0.5981002
0.6031001
0.5956001
0.58919984
0.60020006
0.5995
0.58900005
0.5988
0.5966001
0.603
0.6024001
0.6084
0.6058
0.60350007
0.6079999
0.6085
0.60800004
0.60150003
0.60940003
0.6066001
0.61029994
0.6150001
0.6078
0.6065001
0.6088
0.6137999
0.617
0.6168
0.6187999
0.616
0.61939996
0.61770004
0.6087
0.6154
0.6111999
0.62049997
0.61189985
0.6101001
0.6164
0.6174