0.1382
0.19419996
0.21519998
0.19609997
0.23529996
0.26839992
0.28890002
0.33380005
0.3105
0.30600002
0.33900002
0.3466
0.33750004
0.35509998
0.3854
0.3733
0.41449988
0.39659992
0.42949995
0.45399997
0.42249998
0.4345
0.45969993
0.45979992
0.44409996
0.47439998
0.46399984
0.4847
0.49569982
0.49230003
0.47120008
0.4923999
0.4974999
0.5102998
0.5014
0.49709997
0.5103001
0.5049
0.50360006
0.51149994
0.51729995
0.51969993
0.5166
0.5122999
0.5304
0.5134001
0.52419996
0.5296999
0.50900006
0.53800017
0.5364
0.53660005
0.5362
0.5316
0.5327001
0.52739996
0.53120005
0.5362001
0.5387
0.5449999
0.55499995
0.54810005
0.5495999
0.54699993
0.5456999
0.5506002
0.5499001
0.55050004
0.5557
0.5598
0.5493999
0.5456999
0.5429999
0.55009997
0.5519001
0.55030006
0.54679996
0.56319994
0.5571
0.55430007
0.5648001
0.55859995
0.5607
0.5588001
0.56280017
0.56190014
0.56000006
0.55829996
0.56570005
0.5563
0.5540999
0.55689996
0.5635001
0.5655999
0.5672999
0.56149995
0.5641001
0.5670999
0.56609994
0.56460004