0.11359999
0.23999995
0.21029992
0.19099991
0.21349992
0.28460005
0.3366001
0.3204001
0.3566
0.3738999
0.3945999
0.41049993
0.3991998
0.42570004
0.45729986
0.46339983
0.4685999
0.4695999
0.4787001
0.47719988
0.48469996
0.49859995
0.5059
0.49860004
0.50030005
0.5098998
0.51140004
0.5147998
0.5142
0.5197998
0.5342001
0.53069997
0.52459997
0.5278998
0.5391998
0.53990006
0.53489995
0.53880006
0.54160005
0.54880005
0.5478999
0.5511
0.55109996
0.56
0.5558999
0.5587
0.5606
0.5573999
0.5632
0.55710006
0.5679002
0.56380004
0.5743001
0.56329983
0.56949997
0.5739
0.5824999
0.5775
0.56860006
0.5649999
0.5752
0.5747999
0.5744
0.57580006
0.57739997
0.5765999
0.5872001
0.5810999
0.57649994
0.5763
0.5834001
0.5884
0.5848
0.5822
0.5901001
0.5830999
0.57170004
0.58010006
0.5929001
0.5815001
0.5856
0.587
0.5871001
0.5906001
0.5878
0.58470005
0.5875
0.5893
0.59460014
0.5851002
0.59600013
0.5869
0.58959997
0.578
0.5945999
0.5918999
0.5906
0.5900001
0.597
0.5911001