0.12359998
0.14489998
0.23069991
0.25729996
0.2802
0.33239993
0.36200005
0.36560002
0.3721999
0.4012001
0.41180006
0.41419995
0.4489
0.46089992
0.4756999
0.4787999
0.48659986
0.49439994
0.5046
0.50009996
0.5116
0.5197999
0.52110004
0.52919996
0.5223
0.5271001
0.5418999
0.53679997
0.5349
0.5427
0.5465999
0.5511999
0.5482
0.5517
0.5558
0.5627
0.5589
0.56
0.5685
0.559
0.5554999
0.56540006
0.56890005
0.57170004
0.569
0.5628
0.56589997
0.57519984
0.5704
0.5751002
0.57229996
0.57460004
0.5770998
0.5820001
0.5774
0.5772001
0.57320017
0.5763999
0.57680005
0.5813
0.57800007
0.58
0.5838
0.5844999
0.5842
0.5738
0.58040017
0.5795
0.5745002
0.57750005
0.5911
0.5873001
0.5854001
0.5859001
0.5857
0.59110004
0.5862
0.5883001
0.5892999
0.5833999
0.59000003
0.58759993
0.59140015
0.59340024
0.5920002
0.57970005
0.5804
0.59169996
0.58809996
0.58619994
0.5927999
0.5884001
0.5921999
0.5925
0.59739995
0.5921999
0.59940016
0.58670014
0.5982001
0.5983