0.106099956
0.15949997
0.16719997
0.24969995
0.24149995
0.23379993
0.23819995
0.1775
0.2989
0.1607
0.30359998
0.29050007
0.33910006
0.35099998
0.34889996
0.3775
0.35430008
0.41029987
0.42559996
0.42900005
0.40080002
0.41889995
0.43589994
0.46689993
0.45979998
0.46079984
0.46369994
0.4881
0.47790003
0.46969995
0.4909999
0.4829
0.50629985
0.50699997
0.5177999
0.5135001
0.5161
0.5184999
0.5223
0.5288999
0.5354
0.51890004
0.53459996
0.53379995
0.5446
0.5404001
0.5415999
0.5512999
0.54800004
0.5392
0.5393001
0.5355
0.5403001
0.5471999
0.55300003
0.55700004
0.5525001
0.5554001
0.55259997
0.55590004
0.5576001
0.5547001
0.55340004
0.54710007
0.5643
0.5639
0.5687999
0.55030006
0.5527
0.5638
0.56829983
0.57189995
0.56680006
0.5668
0.56439984
0.56960005
0.5665001
0.5711
0.57390016
0.5693001
0.5693
0.5727
0.5715001
0.57549995
0.5699001
0.5743001
0.58470005
0.58159995
0.57880014
0.5716001
0.5848
0.5811999
0.57860017
0.57250005
0.5802
0.57879996
0.5770999
0.5779001
0.5863999
0.5815002