0.121599965
0.22429997
0.28060004
0.28489995
0.29530007
0.28650004
0.30589998
0.26749998
0.32340008
0.36510003
0.39329997
0.38030005
0.37839997
0.37489992
0.4037998
0.39870006
0.4285999
0.4340998
0.44329998
0.42159984
0.4143999
0.45509997
0.45049998
0.44359997
0.44919997
0.4717
0.47909996
0.5105
0.50039995
0.50719994
0.5237999
0.4916998
0.52909994
0.52299994
0.51989996
0.51830006
0.5232
0.52950007
0.5335
0.49429983
0.5112
0.5386
0.5352002
0.5385001
0.54309994
0.5437
0.5625999
0.5475
0.5645001
0.5626001
0.56500006
0.5714
0.5635002
0.5727001
0.56859994
0.57140017
0.57580006
0.5803001
0.5791
0.5794
0.57430005
0.5770998
0.5872001
0.56479996
0.5731001
0.5788
0.58230007
0.5809
0.58379996
0.5794999
0.58500004
0.57819986
0.5752
0.5746001
0.58390003
0.5869
0.58910006
0.5793001
0.5753
0.5791001
0.5913002
0.5806
0.5887
0.5731999
0.5802999
0.5845001
0.5853002
0.5849
0.57670003
0.5943
0.5857
0.58719987
0.58090013
0.5877
0.58939993
0.56500006
0.57600015
0.58390003
0.5707001
0.58220005