0.11670001
0.19049998
0.14769995
0.20120001
0.15139998
0.23529989
0.24219999
0.2781
0.3097
0.33630002
0.357
0.3852
0.4029999
0.38519996
0.40879998
0.4096
0.46029997
0.4306999
0.45439994
0.4352
0.4737999
0.47299978
0.48310003
0.50229996
0.51570004
0.502
0.52029985
0.5105999
0.5255
0.5236
0.53679997
0.5349
0.5469
0.5390001
0.53800017
0.54350007
0.5526
0.5519
0.5562
0.5596
0.55149996
0.551
0.56160027
0.562
0.5457001
0.5683
0.57109994
0.5773001
0.5652999
0.57629997
0.5649
0.5708999
0.5809001
0.5805
0.5771001
0.57339996
0.57699996
0.582
0.5851001
0.5737001
0.5775
0.58100015
0.58729994
0.58420014
0.5873
0.5842
0.5816
0.58650017
0.5813999
0.58969986
0.58609986
0.58830005
0.5829
0.59110004
0.5774
0.59400004
0.5931
0.58820003
0.5969
0.5926
0.6014
0.597
0.59180003
0.59029996
0.5885
0.5931
0.5889
0.5966
0.6019001
0.5942
0.5660002
0.589
0.5939999
0.60200006
0.59889996
0.59489995
0.59300005
0.6049
0.59619987
0.6014001