0.11520001
0.16719997
0.1946999
0.21659994
0.19469999
0.26239994
0.30410016
0.3043
0.30560005
0.24099994
0.32569996
0.35599998
0.3095
0.3194
0.39439994
0.35780007
0.29540002
0.39249995
0.39809993
0.41169998
0.35290015
0.36250004
0.39179993
0.4048
0.4143999
0.35570002
0.42679995
0.39279994
0.39759997
0.4031999
0.4392999
0.42699993
0.4301999
0.4468001
0.45209983
0.47519997
0.46570003
0.46309984
0.45079997
0.46509993
0.46039996
0.44879994
0.47280002
0.48569998
0.39049998
0.47909996
0.49170002
0.4782999
0.4847
0.475
0.4907001
0.4929999
0.48049986
0.48820013
0.49690002
0.49009994
0.49079993
0.47329992
0.49589995
0.49929994
0.5045001
0.49699995
0.5139
0.5164999
0.47579986
0.4817998
0.51289994
0.5189001
0.5006001
0.49520004
0.51619995
0.5117001
0.50189996
0.50439996
0.51919997
0.5202001
0.51869994
0.5073
0.5163
0.5168999
0.49779993
0.5265
0.51970017
0.52889997
0.5248
0.49549997
0.5382999
0.5134001
0.5267999
0.5262999
0.5213
0.52489996
0.5243
0.52510005
0.5186999
0.5352
0.5269
0.51430017
0.53360015
0.5443