0.11719997
0.12420001
0.24169993
0.26800007
0.15169995
0.19789995
0.244
0.22479995
0.28119993
0.3006
0.36160004
0.29089996
0.3426
0.37619993
0.3113
0.2495999
0.2979
0.35120004
0.40750006
0.4191
0.4429
0.41109997
0.4225999
0.43819988
0.43040007
0.4391
0.4721
0.45369995
0.46119994
0.46859995
0.4445999
0.4493
0.4668999
0.49059996
0.5091999
0.5092999
0.5084999
0.51259995
0.47849986
0.46709993
0.51409984
0.5236
0.5341998
0.5322
0.51649994
0.5369001
0.517
0.5353
0.5369001
0.54740006
0.53239995
0.5520001
0.5518
0.5558
0.5308
0.5637001
0.5444
0.55099994
0.5588999
0.5594
0.5545
0.5701
0.5529
0.5635
0.5706999
0.56979996
0.56400007
0.57089996
0.56219995
0.5815
0.54480004
0.5558
0.5684
0.5688002
0.57259995
0.57510006
0.5777001
0.57129997
0.571
0.56729996
0.57989997
0.5742998
0.5801
0.58570004
0.58470005
0.577
0.5729
0.5802001
0.5851
0.5847001
0.58550006
0.5873001
0.5907
0.58900005
0.5899
0.5888
0.58760005
0.57819986
0.5953001
0.59139997