0.11360003
0.123100005
0.22719993
0.15749995
0.1505
0.18029997
0.16239993
0.21259998
0.24819994
0.27119994
0.33190003
0.3500001
0.35369998
0.3524
0.37600005
0.30560002
0.3242
0.3487
0.38040012
0.4026999
0.37039995
0.3995
0.41599998
0.29679996
0.33879995
0.41610008
0.4663
0.46160015
0.46849987
0.45339993
0.48399997
0.49190006
0.50299984
0.5023999
0.5038999
0.4989998
0.5068
0.49649978
0.50369996
0.51430005
0.50649995
0.50939995
0.5147999
0.48669994
0.50750005
0.51049995
0.5221
0.5316001
0.53589994
0.5376
0.53989995
0.5369
0.53880006
0.5209999
0.52
0.5475
0.5444
0.5504999
0.5508
0.5532
0.5474
0.54269993
0.55399996
0.5628
0.5728001
0.5692001
0.56470007
0.56270003
0.56790006
0.5598998
0.56310004
0.57009995
0.5644001
0.56829983
0.5767
0.5710001
0.57500005
0.5691
0.56890005
0.57390004
0.5737999
0.5762999
0.5782001
0.5798
0.5749001
0.58160007
0.5731001
0.5787
0.5887001
0.57689995
0.58080006
0.57989997
0.58220005
0.5689
0.57890016
0.5887001
0.5517
0.5788999
0.58360004
0.58680016