0.12109997
0.15059997
0.19089991
0.17309996
0.21529995
0.22469999
0.27179995
0.32670006
0.30949998
0.31279996
0.32960007
0.36430007
0.39689985
0.35399994
0.4188001
0.44619998
0.42259985
0.43100005
0.45999992
0.47069988
0.4768
0.48379987
0.47469985
0.48510006
0.49079993
0.46459997
0.5292
0.5245001
0.5303001
0.50759995
0.52970004
0.5316001
0.52989995
0.542
0.56249994
0.5457001
0.54230016
0.54910004
0.5633
0.56999993
0.5625001
0.5729999
0.5773
0.5761999
0.57469994
0.57189995
0.57310003
0.5910001
0.58140004
0.5874001
0.5850998
0.5835
0.58489996
0.5807
0.5946001
0.5965
0.5936001
0.5864999
0.6022
0.5977
0.5904
0.5996001
0.6051
0.6006001
0.59560007
0.597
0.60510004
0.60199994
0.60020006
0.60740006
0.6040001
0.60319996
0.60349995
0.6019001
0.60769993
0.60140014
0.60550004
0.60389996
0.60889995
0.6083999
0.60519993
0.6117001
0.6120999
0.6001001
0.6088999
0.60589993
0.6056999
0.6054002
0.6049999
0.61359996
0.61169994
0.6133
0.6059001
0.6129
0.6060001
0.6209
0.6121
0.60880005
0.6111999
0.6135