0.1306
0.18080002
0.2032999
0.18589997
0.16529997
0.21999994
0.22819988
0.21829996
0.26250002
0.34380013
0.36040005
0.36979982
0.39030012
0.38599995
0.40570003
0.33069995
0.38889998
0.4407999
0.4682999
0.45489985
0.45409995
0.45799997
0.46439996
0.46669993
0.45239994
0.43339992
0.44779998
0.45549998
0.4311
0.45369995
0.48250008
0.45109996
0.48019984
0.49779987
0.5108999
0.50879997
0.5182999
0.52019995
0.50999993
0.51780003
0.5215
0.52659994
0.53360003
0.5378999
0.54309994
0.5108999
0.52849996
0.51780003
0.52369994
0.5475999
0.5533999
0.5529
0.55289996
0.5501998
0.5583
0.5262999
0.534
0.5535001
0.5553
0.5666001
0.5579001
0.56369996
0.5623
0.5605
0.56159997
0.56840014
0.56750005
0.5662999
0.5735001
0.55709994
0.56880003
0.5616
0.56049997
0.57469994
0.5756999
0.51690006
0.515
0.56880003
0.57649994
0.5542001
0.55130005
0.5810999
0.5802
0.57729995
0.5758001
0.5802
0.5803
0.5730001
0.58990014
0.5875
0.58480006
0.59200025
0.5858999
0.59269994
0.5896
0.5501999
0.5738001
0.5834002
0.5900001
0.5873