0.13010001
0.21429995
0.25379997
0.25920004
0.28319997
0.3237001
0.32329997
0.32030004
0.37709993
0.40999997
0.41879994
0.42109993
0.43019995
0.44789994
0.45369992
0.4561
0.47019985
0.50249994
0.51320004
0.51529986
0.512
0.5125998
0.5169
0.5184999
0.52809983
0.528
0.5369998
0.54780006
0.5419001
0.5528001
0.5535001
0.5555001
0.5628
0.5673001
0.5655
0.56500006
0.5687001
0.5751
0.5677
0.54650015
0.5583
0.5709001
0.5649
0.5748
0.5835
0.5808001
0.5829
0.58120006
0.5820002
0.59080017
0.58140004
0.582
0.5855
0.582
0.58730006
0.5880001
0.59389997
0.59870005
0.59770024
0.5961
0.59810007
0.6050001
0.604
0.60240006
0.60119987
0.6046999
0.6040001
0.60629994
0.60170007
0.60289997
0.59779996
0.5727002
0.60099995
0.60880005
0.60639995
0.5893002
0.60870016
0.60580003
0.60660017
0.60969996
0.61160016
0.6082
0.6061001
0.6069998
0.6100001
0.6132
0.6057
0.60739994
0.6173
0.6185001
0.61499995
0.61309993
0.60700005
0.6114
0.60660005
0.61670005
0.6086
0.6168999
0.6140999
0.60310006