0.1043
0.1458
0.16459997
0.19159992
0.2155999
0.2434
0.3158
0.34120002
0.33900002
0.3314001
0.36720008
0.3648999
0.3695999
0.3754
0.40440002
0.42239994
0.4277999
0.4221
0.42889982
0.435
0.42989978
0.41969997
0.43439996
0.4308999
0.4039
0.43059996
0.44829997
0.47009993
0.4646999
0.46459994
0.4735
0.46870002
0.47589996
0.46999994
0.475
0.4732
0.47579998
0.4689999
0.48799995
0.48699987
0.4856
0.4922
0.49279994
0.49029985
0.48860005
0.47849995
0.50469995
0.50189996
0.51280016
0.49740005
0.51210004
0.49279997
0.49929994
0.5198999
0.5134999
0.5105999
0.5266001
0.5122
0.5197998
0.52000004
0.50930005
0.5308001
0.52599996
0.5258999
0.52660006
0.50259995
0.5148
0.53490007
0.51289994
0.5298
0.5275999
0.53939986
0.5348
0.5205
0.53660005
0.5302001
0.53029996
0.52760005
0.54019994
0.5376001
0.53569996
0.5401999
0.5372
0.53299993
0.5280999
0.5419
0.5308
0.54880005
0.5384
0.54370004
0.54530007
0.5494999
0.5411001
0.5448998
0.5445001
0.5421
0.54910004
0.54669994
0.5486
0.5475001