0.1486
0.18629993
0.21939994
0.2473001
0.1705
0.2599
0.30840006
0.3323001
0.33230004
0.35580012
0.34780002
0.3515
0.3738
0.3492
0.35129997
0.39579985
0.39649993
0.3603
0.3546
0.39789996
0.39540005
0.3938
0.40789992
0.4408
0.39749995
0.4266999
0.43979985
0.43969998
0.42820004
0.48889995
0.46220002
0.5072
0.4747999
0.46890002
0.51149994
0.48930004
0.50619996
0.48559994
0.48259994
0.5384999
0.51339996
0.45179987
0.53129995
0.5516
0.49029994
0.51279986
0.5259
0.52919996
0.5237
0.54060006
0.4965999
0.5585999
0.5357
0.5271001
0.5482001
0.5518001
0.55179983
0.5579
0.5231
0.48229983
0.5548999
0.54690003
0.52889997
0.5445
0.53459996
0.56619984
0.5439
0.54300004
0.55869997
0.5184
0.5539001
0.5589001
0.5555
0.54739994
0.5359
0.5458999
0.5375999
0.5314999
0.5568001
0.5183999
0.5435
0.5576
0.5660001
0.554
0.5450001
0.52900004
0.5723999
0.56549996
0.5705999
0.57479995
0.56789994
0.5427
0.55240005
0.56710005
0.5630001
0.5284
0.57
0.5535
0.51769996
0.5557001