0.14779997
0.14399998
0.16299993
0.21869993
0.23869996
0.23949999
0.20129995
0.3065
0.294
0.30110005
0.327
0.3102001
0.43270004
0.38889992
0.33400002
0.34760013
0.30220002
0.3403
0.3851001
0.40649998
0.42259997
0.42280006
0.4733
0.45059994
0.43499994
0.43349993
0.4637999
0.4088
0.41979995
0.3945999
0.5067999
0.4623999
0.49049982
0.5025001
0.5028
0.50209993
0.48479998
0.41219988
0.49510002
0.49230003
0.54630005
0.5131999
0.54690015
0.53990006
0.45379987
0.47069994
0.5372
0.53070015
0.54080003
0.54359996
0.48769987
0.50799996
0.48799986
0.49610007
0.5497002
0.5580002
0.54700005
0.5094999
0.5
0.5425
0.5221
0.49529997
0.5486999
0.5409001
0.5050999
0.5379
0.48779994
0.514
0.556
0.5289999
0.5347
0.48279995
0.5188999
0.53169996
0.54889995
0.50003
0.53670015
0.53279996
0.5067
0.51929995
0.50486
0.527000005
0.52599996
0.516680006
0.527469994
0.515849993
0.50276998
0.504960006
0.505629987
0.5200999
0.51853
0.51712
0.51010007
0.50473001
0.504840004
0.48280004
0.5370001
0.50409996
0.50049996
0.485772999