0.1453
0.09999998
0.17499994
0.17049995
0.21349992
0.1868
0.21299991
0.27660006
0.25909993
0.2539
0.2677
0.35129997
0.29440007
0.21819995
0.32910007
0.19139992
0.3288
0.39500013
0.3526
0.31920004
0.31600004
0.38899997
0.36659992
0.3789
0.37380004
0.36719993
0.3106
0.38939998
0.44789988
0.4135999
0.41299984
0.45689997
0.41129988
0.44279993
0.4111999
0.43829998
0.42959988
0.5174999
0.44149986
0.5095999
0.41230002
0.4943999
0.45559993
0.45579997
0.45379993
0.50369996
0.43539992
0.5061001
0.47480002
0.46349993
0.38819999
0.47589988
0.42259982
0.5482001
0.43349993
0.4898999
0.47740003
0.50939983
0.4722999
0.51460004
0.51369995
0.48399994
0.50939983
0.4771
0.3813001
0.47980002
0.4709999
0.51089996
0.4931999
0.46899995
0.55210006
0.5417998
0.53019994
0.5165999
0.51079994
0.46679989
0.52729994
0.50229996
0.5225001
0.5186999
0.44249988
0.45609996
0.529
0.49959987
0.5597
0.51159996
0.5333
0.52070004
0.4851
0.5355
0.499
0.54179996
0.5658
0.5358998
0.5691999
0.5081001
0.53080004
0.57109994
0.5344999
0.53919977