0.1468
0.110299975
0.17730004
0.2644
0.22239998
0.16499996
0.22999991
0.3197
0.15359995
0.34260002
0.344
0.2904
0.34560007
0.33579996
0.39719993
0.44809982
0.4391
0.3593
0.41179997
0.42170006
0.3538
0.4192
0.4628999
0.42199996
0.2762001
0.41539997
0.49350002
0.42439994
0.4497
0.43050003
0.49829993
0.44329992
0.46059993
0.52540016
0.52470005
0.50139993
0.46900004
0.4215998
0.54550004
0.53169996
0.51890004
0.45769987
0.53709996
0.5140998
0.51610005
0.49819994
0.569
0.5247999
0.46899986
0.5571001
0.52009994
0.54449993
0.5182
0.50780004
0.5301
0.5587999
0.5204999
0.5925001
0.50289994
0.49380004
0.56899995
0.5232
0.5598
0.57420003
0.5060998
0.5469001
0.5772
0.521
0.55600005
0.5383
0.5893998
0.58280003
0.56170017
0.57940006
0.5670001
0.5303001
0.5876001
0.5087
0.5446999
0.5892
0.556
0.57019997
0.57390004
0.506
0.5595001
0.60279995
0.59780014
0.51979995
0.57420015
0.53740007
0.5263
0.5887001
0.5872
0.53610015
0.55929995
0.5517
0.5607
0.5681001
0.5588001
0.602