0.14750001
0.16409996
0.23259994
0.23949991
0.2611
0.2584
0.29039988
0.28080004
0.30440003
0.31949997
0.35689998
0.32129994
0.31070012
0.37679997
0.40279993
0.37019992
0.39509985
0.4175
0.44579995
0.42290008
0.4281999
0.42259994
0.43719995
0.4479999
0.4659
0.45099995
0.4780999
0.47779998
0.46499994
0.45999995
0.48609996
0.48499998
0.50389993
0.5065999
0.4873
0.48199993
0.49350008
0.5040999
0.4849
0.48739994
0.51400006
0.49170005
0.5234
0.51570004
0.51939976
0.5026999
0.50829995
0.50759995
0.5106
0.5347
0.5091999
0.5086
0.5171
0.5253
0.50389993
0.5238001
0.5293999
0.53010005
0.51909995
0.53429997
0.5252
0.5293999
0.5113999
0.5337
0.5353
0.5272
0.53599995
0.5376001
0.53209996
0.51750004
0.5150999
0.5393001
0.53450006
0.51850003
0.5397999
0.5460999
0.51559985
0.5479
0.51519996
0.5303998
0.5300001
0.53499997
0.54410005
0.55259997
0.5356
0.5429
0.55039996
0.5457001
0.53560007
0.53389996
0.54080003
0.5469999
0.55530006
0.5408001
0.5494001
0.5531001
0.54449993
0.54750013
0.548
0.54929996