0.15289998
0.16679998
0.17419998
0.18199997
0.24279997
0.24029993
0.22809993
0.3136
0.23529994
0.21689996
0.27899992
0.32510006
0.32009998
0.38250002
0.35129997
0.35120004
0.3729
0.41430002
0.34870002
0.31249994
0.33720005
0.41369995
0.42399985
0.40859997
0.43999988
0.3882
0.4254
0.42229995
0.4919001
0.49300003
0.45979992
0.44439995
0.4421999
0.4868999
0.48549995
0.47579992
0.5118
0.45870003
0.46969995
0.42780003
0.46749988
0.4713999
0.41129997
0.49949995
0.49549982
0.49440002
0.4815999
0.51509994
0.50659996
0.49159998
0.51049995
0.5186999
0.5329998
0.49309993
0.51010007
0.5291
0.5087
0.5184
0.5028999
0.5195001
0.5371001
0.5213
0.51760006
0.53519994
0.50659996
0.5362
0.5436999
0.5194
0.5306999
0.5217
0.528
0.52610004
0.5402
0.55899984
0.51609993
0.49210003
0.5108999
0.51370007
0.5588
0.5285
0.5224
0.5342001
0.52829987
0.52080005
0.5588001
0.54010004
0.49569994
0.5680002
0.53550017
0.55459994
0.5254
0.5349999
0.55570006
0.55770004
0.53599995
0.5227
0.5531
0.5417001
0.48959985
0.54250014