0.1385
0.14839996
0.17179993
0.2022999
0.16619998
0.22779997
0.25450003
0.3238
0.3430001
0.31500006
0.31929997
0.40889993
0.2979
0.33740005
0.33629996
0.34690002
0.32180014
0.45419997
0.4361
0.42229995
0.35400003
0.3968999
0.4389
0.46639994
0.45519993
0.4573999
0.43979993
0.47839996
0.49859986
0.49009985
0.44579995
0.48510006
0.46699995
0.46989992
0.49759993
0.5156
0.48580006
0.48649997
0.5261
0.48239997
0.50699997
0.53420013
0.49149984
0.51289994
0.5062
0.46869993
0.51240003
0.5113
0.50639987
0.54660004
0.5656
0.5302001
0.53129995
0.48979977
0.54980004
0.5744
0.551
0.56200004
0.5396
0.5596002
0.54989994
0.56930006
0.49640006
0.5072
0.57650006
0.5780999
0.5594999
0.56579995
0.57620007
0.5790002
0.56750005
0.54240006
0.56369996
0.5638001
0.5577
0.4868
0.5097
0.5702001
0.5504999
0.55869997
0.5914
0.5657001
0.5262
0.56920004
0.5486
0.58680004
0.57879996
0.5686001
0.5766
0.5488
0.5134999
0.5568999
0.5321999
0.57189995
0.57430017
0.5547
0.57850003
0.5654
0.58649987
0.5929001