0.15369998
0.16259998
0.22529985
0.2508
0.31769997
0.33930004
0.34270006
0.36850005
0.3876001
0.41599995
0.38969997
0.42989996
0.43479994
0.4148999
0.4656999
0.46140003
0.4707
0.4633999
0.4797998
0.48199996
0.4929001
0.5162
0.5134999
0.5045
0.49439996
0.5278999
0.53319997
0.53129995
0.54020005
0.537
0.53429997
0.54269993
0.54999995
0.55469996
0.5576002
0.5608
0.5507
0.5571
0.5535999
0.5613
0.5684001
0.5674001
0.57400006
0.57589996
0.5759
0.5589
0.56110007
0.56890005
0.573
0.57240015
0.5685
0.58249986
0.57969993
0.5818
0.5848001
0.5747001
0.5744
0.5698
0.57240003
0.57290006
0.58000004
0.58169997
0.5865001
0.5777001
0.58250004
0.5829
0.59160006
0.5862999
0.59090006
0.5887
0.5802001
0.5879001
0.5885001
0.5884999
0.5901
0.59990007
0.5831999
0.597
0.5946001
0.5842
0.6040001
0.59110004
0.5927001
0.5939
0.5956
0.6031
0.59180015
0.59559995
0.59639996
0.5922999
0.58660007
0.59300005
0.5937999
0.59489995
0.59209996
0.59959996
0.60590005
0.5915001
0.6023
0.58949995