0.1422
0.1023
0.1507
0.23339996
0.2700001
0.26270005
0.26180002
0.34380007
0.30840006
0.3265
0.3458
0.321
0.3162
0.33299997
0.38939986
0.34160003
0.3918
0.38149992
0.30319998
0.41099992
0.4159999
0.36570004
0.4332999
0.43909994
0.5044001
0.46149996
0.49650007
0.44430003
0.4708
0.49859995
0.47359988
0.4634999
0.51100004
0.48059988
0.5063999
0.47749996
0.5350001
0.51980007
0.50589997
0.53359985
0.5374
0.53810006
0.5294
0.54010004
0.51879996
0.502
0.4890002
0.5251999
0.5112001
0.50519985
0.5028999
0.502
0.55039996
0.50749993
0.5427001
0.53400004
0.53779995
0.53859997
0.53159994
0.5489
0.5495001
0.5324999
0.5221999
0.5360999
0.56020015
0.52919996
0.55930007
0.5670001
0.5576
0.56329995
0.5545999
0.55550003
0.5556
0.5502
0.54770017
0.5450001
0.5601001
0.5642
0.5365
0.5554
0.5611001
0.56240004
0.5465001
0.55360013
0.5643001
0.55470014
0.56679994
0.5522999
0.5466001
0.56150013
0.53490007
0.5688
0.5670001
0.57000023
0.5657
0.52719986
0.5579
0.56530005
0.5510999
0.5301