0.13849998
0.10750001
0.16239996
0.19820002
0.22559997
0.22670001
0.19129997
0.317
0.30830008
0.3199
0.34879997
0.36630005
0.34060004
0.34170002
0.35930005
0.37100005
0.4047
0.39229995
0.39860004
0.41839996
0.3997001
0.45429993
0.4418999
0.4461999
0.42180002
0.42399997
0.4067999
0.4664
0.46899995
0.44599986
0.45979998
0.4633998
0.4647
0.45419994
0.46310002
0.48329994
0.49919996
0.4775999
0.53149986
0.53019994
0.50789994
0.49729994
0.5218
0.50490004
0.5011
0.53529984
0.51140004
0.51060003
0.5205
0.53199995
0.5300001
0.50069994
0.5096
0.5313
0.53000003
0.5500001
0.5352001
0.5285
0.5149001
0.5120998
0.5532001
0.5440999
0.5009999
0.5366999
0.53940004
0.5397999
0.51879996
0.52330005
0.54069996
0.5195001
0.5458999
0.53120005
0.5461999
0.53770006
0.53129995
0.5463001
0.54150003
0.5394
0.53819996
0.5171998
0.5511
0.54490006
0.5257998
0.5281
0.53540003
0.54599994
0.5344001
0.5601
0.55120003
0.5518
0.5326
0.55840003
0.5494002
0.5290999
0.5287
0.53699994
0.5468001
0.53980005
0.5545999
0.5475