0.15449998
0.16599996
0.18569997
0.19929998
0.21539988
0.23749992
0.26319999
0.28420007
0.33949995
0.37460008
0.32949993
0.3584999
0.33560005
0.38649988
0.33760002
0.38540012
0.38739997
0.3779
0.41529998
0.4127999
0.4526
0.47910008
0.36329997
0.45179975
0.48569995
0.51369995
0.4647
0.5023999
0.5174999
0.49639982
0.46870005
0.5213999
0.45990005
0.522
0.531
0.5127
0.5148
0.50219995
0.4878
0.57179993
0.5739
0.5567
0.567
0.5492
0.54069996
0.5533999
0.5066002
0.49680004
0.5567001
0.55009985
0.56159997
0.53729993
0.56670016
0.5707
0.5396001
0.5818002
0.5762001
0.5183001
0.5594
0.4988
0.5587999
0.54199994
0.5738999
0.5584
0.55660003
0.53699994
0.57710004
0.55529994
0.55480003
0.5852
0.5712001
0.5656999
0.5661001
0.5773
0.5202999
0.5918
0.58640015
0.5541
0.5867001
0.5579998
0.5660999
0.5742001
0.5747
0.5676
0.5782
0.5974999
0.5839001
0.5596
0.56820005
0.57040006
0.57260007
0.585
0.59080005
0.5564
0.5474
0.5891999
0.5666999
0.57619995
0.58360004
0.5942001