0.13419996
0.1326
0.1802
0.20389989
0.2615
0.3069
0.33389997
0.33500004
0.37410003
0.33599994
0.31759995
0.33559993
0.38480002
0.39679983
0.40560004
0.3529
0.39259997
0.39659992
0.40600002
0.41280004
0.45679998
0.43629995
0.42740005
0.4604999
0.46519992
0.47200003
0.47339997
0.47299993
0.47380006
0.4715
0.48279986
0.49009997
0.49890003
0.50869995
0.53749985
0.50859994
0.5324999
0.5301
0.51229995
0.5283
0.51339996
0.53170013
0.54469997
0.53239983
0.5308001
0.5438
0.5314001
0.5403001
0.54069996
0.54080003
0.5374
0.5592001
0.5456999
0.557
0.5482001
0.5542001
0.5399999
0.5585
0.5480001
0.56850004
0.51459986
0.5744999
0.5447001
0.56219995
0.54760003
0.5541
0.55509996
0.54349995
0.5464001
0.5357
0.56649995
0.5499
0.566
0.5468
0.55709976
0.53110003
0.54690003
0.56310004
0.5608
0.53940004
0.56970006
0.5731002
0.5517
0.5648001
0.5464999
0.563
0.5668
0.5676001
0.5539
0.5588
0.5449002
0.5604
0.57170004
0.5626
0.5613
0.5597
0.5629
0.5660001
0.5633001
0.5533001