0.13829997
0.09999998
0.18399994
0.16909996
0.19079995
0.18319997
0.2992001
0.29020002
0.2579
0.29630002
0.3803
0.33409995
0.30730006
0.33569998
0.42029995
0.45169997
0.33490002
0.38690007
0.28010008
0.36910003
0.45299998
0.43089992
0.46700004
0.4679
0.36820003
0.40360004
0.46139982
0.46949992
0.4352
0.5131
0.4492
0.40089995
0.48539984
0.51209986
0.42899993
0.5109999
0.45389995
0.53409994
0.49879992
0.46609983
0.44289997
0.4868999
0.5396001
0.5142999
0.5421998
0.5185999
0.52599996
0.5449
0.52070004
0.5131999
0.5288
0.5417
0.48239994
0.5
0.5198
0.5262
0.5505999
0.5373001
0.5283
0.49919987
0.54059994
0.52979994
0.50429994
0.56390005
0.5209
0.5371
0.53689986
0.5138999
0.5375001
0.57320005
0.5542
0.5443999
0.52189994
0.55400014
0.49899995
0.5209
0.48479986
0.5169999
0.55869997
0.512
0.5479
0.55200005
0.5095001
0.5143
0.5610001
0.5781001
0.5652
0.5471
0.5322999
0.5614
0.5415999
0.5329001
0.5472001
0.59330004
0.5408
0.51109993
0.54770005
0.56939995
0.5705001
0.5458