0.1375
0.12399999
0.1488
0.1726
0.2075
0.26690012
0.30550006
0.266
0.27780005
0.3012
0.30069998
0.31540003
0.34060004
0.30949998
0.3501
0.34250003
0.42409992
0.44329986
0.36749998
0.42869982
0.45599985
0.47569996
0.38430002
0.4500999
0.44869986
0.4516
0.46940002
0.44209993
0.47989997
0.46609992
0.46089992
0.40919998
0.49429998
0.50419986
0.4398999
0.51519996
0.4532
0.5184001
0.51510006
0.51749986
0.5097
0.5226999
0.50639987
0.49179995
0.4799999
0.4977
0.5400001
0.5215999
0.553
0.52680004
0.52969986
0.54660004
0.5322
0.54760003
0.5243
0.56
0.54940003
0.53059995
0.51960003
0.50430006
0.54629993
0.57
0.50540006
0.5286
0.53090006
0.5554
0.54660004
0.5507
0.51509994
0.56159997
0.55410004
0.54450005
0.53770006
0.52130014
0.58339995
0.5238
0.56610006
0.5278
0.5544001
0.55810004
0.5633
0.5688999
0.5677
0.5494001
0.5721
0.56229997
0.5511999
0.56270003
0.55660003
0.5467
0.554
0.53680015
0.5508
0.5614
0.5585001
0.57240003
0.55359995
0.5778001
0.5543999
0.5609