2.907001078128814697e-01
3.344000279903411865e-01
5.907000899314880371e-01
4.830000996589660645e-01
5.877001285552978516e-01
6.291000843048095703e-01
6.636000871658325195e-01
6.828997731208801270e-01
6.902999281883239746e-01
6.959998607635498047e-01
7.006999850273132324e-01
7.014999985694885254e-01
7.108998894691467285e-01
7.158997058868408203e-01
7.202999591827392578e-01
7.188999056816101074e-01
7.210000753402709961e-01
7.313001155853271484e-01
7.144000530242919922e-01
7.266998887062072754e-01
7.324000000953674316e-01
7.327000498771667480e-01
7.256000638008117676e-01
7.412998676300048828e-01
7.373999953269958496e-01
7.336001396179199219e-01
7.394000887870788574e-01
7.300997376441955566e-01
7.334001064300537109e-01
7.461002469062805176e-01
7.305998802185058594e-01
7.386999726295471191e-01
7.398000359535217285e-01
7.415000796318054199e-01
7.348000407218933105e-01
7.570999264717102051e-01
7.550000548362731934e-01
7.444000244140625000e-01
7.482000589370727539e-01
7.509000897407531738e-01
7.551999688148498535e-01
7.537001967430114746e-01
7.527000308036804199e-01
7.557001709938049316e-01
7.566999793052673340e-01
7.697001695632934570e-01
7.364998459815979004e-01
7.587001323699951172e-01
7.616001367568969727e-01
7.581999301910400391e-01
7.597997188568115234e-01
7.079999446868896484e-01
7.245001196861267090e-01
7.522000074386596680e-01
7.442999482154846191e-01
7.664000988006591797e-01
7.556999921798706055e-01
7.485998272895812988e-01
7.655001282691955566e-01
7.115999460220336914e-01
7.336000204086303711e-01
7.576001882553100586e-01
7.552998065948486328e-01
7.743000984191894531e-01
7.734999656677246094e-01
7.730000019073486328e-01
7.582000494003295898e-01
7.785000801086425781e-01
7.757000923156738281e-01
7.781001925468444824e-01
7.820001244544982910e-01
7.709001302719116211e-01
7.259001135826110840e-01
7.769001722335815430e-01
7.796998620033264160e-01
7.573999762535095215e-01
6.396000385284423828e-01
7.005997300148010254e-01
7.584002017974853516e-01
7.662000060081481934e-01
7.657001614570617676e-01
7.612999677658081055e-01
7.472003102302551270e-01
7.286998629570007324e-01
7.583000063896179199e-01
7.871001958847045898e-01
7.879999279975891113e-01
7.664999365806579590e-01
7.539001703262329102e-01
7.489999532699584961e-01
7.927998304367065430e-01
7.759999036788940430e-01
6.681000590324401855e-01
7.239001989364624023e-01
7.964001297950744629e-01
7.888998985290527344e-01
7.408000230789184570e-01
7.685998678207397461e-01
7.893998622894287109e-01
7.489000558853149414e-01
