3.036000132560729980e-01
5.069000124931335449e-01
5.645001530647277832e-01
5.894001126289367676e-01
5.637000799179077148e-01
5.688000321388244629e-01
5.461001396179199219e-01
5.087000131607055664e-01
5.496999621391296387e-01
5.732000470161437988e-01
5.861001014709472656e-01
5.899999737739562988e-01
6.001000404357910156e-01
6.036001443862915039e-01
5.976999402046203613e-01
6.093000173568725586e-01
6.157000064849853516e-01
6.185001134872436523e-01
6.134999394416809082e-01
5.063000917434692383e-01
6.118002533912658691e-01
5.986000299453735352e-01
6.173999905586242676e-01
6.254000663757324219e-01
6.083000302314758301e-01
6.187999844551086426e-01
6.316999793052673340e-01
6.105001568794250488e-01
6.227001547813415527e-01
6.221000552177429199e-01
6.267001628875732422e-01
6.359999179840087891e-01
6.244000792503356934e-01
6.304000616073608398e-01
6.304000020027160645e-01
6.008999943733215332e-01
6.018000245094299316e-01
6.277999877929687500e-01
5.583999752998352051e-01
6.358999609947204590e-01
6.462000012397766113e-01
6.381999254226684570e-01
6.394999027252197266e-01
6.362001299858093262e-01
6.047000288963317871e-01
6.393999457359313965e-01
6.409999728202819824e-01
6.443999409675598145e-01
6.496999263763427734e-01
6.368999481201171875e-01
6.450001001358032227e-01
6.167999505996704102e-01
6.505000591278076172e-01
6.421998739242553711e-01
6.529999375343322754e-01
6.665996313095092773e-01
6.549998521804809570e-01
6.595998406410217285e-01
6.345000267028808594e-01
6.825000643730163574e-01
6.835999488830566406e-01
6.544999480247497559e-01
6.822998523712158203e-01
6.694998741149902344e-01
6.723998785018920898e-01
6.741998791694641113e-01
6.586000919342041016e-01
6.515999436378479004e-01
6.653998494148254395e-01
6.476999521255493164e-01
6.739000082015991211e-01
6.662999987602233887e-01
6.877999901771545410e-01
6.544999480247497559e-01
6.752000451087951660e-01
6.742000579833984375e-01
