3.337000906467437744e-01
3.643000125885009766e-01
4.077999591827392578e-01
3.577999770641326904e-01
4.117000699043273926e-01
4.641000330448150635e-01
5.175999999046325684e-01
5.164001584053039551e-01
6.399998664855957031e-01
6.691998839378356934e-01
6.976999044418334961e-01
6.878998279571533203e-01
7.088999152183532715e-01
7.106999754905700684e-01
6.732000708580017090e-01
6.891000270843505859e-01
6.850000023841857910e-01
7.317000031471252441e-01
7.388000488281250000e-01
7.443001270294189453e-01
6.717000007629394531e-01
7.306000590324401855e-01
7.156000733375549316e-01
6.403999328613281250e-01
7.281996011734008789e-01
7.212999463081359863e-01
6.928998827934265137e-01
7.467999458312988281e-01
5.378000736236572266e-01
7.444998025894165039e-01
7.138997912406921387e-01
6.914000511169433594e-01
7.371999621391296387e-01
7.533999085426330566e-01
7.624997496604919434e-01
6.621997952461242676e-01
7.066001296043395996e-01
6.864999532699584961e-01
7.361998558044433594e-01
7.416000366210937500e-01
7.536001801490783691e-01
7.540000677108764648e-01
7.398000955581665039e-01
7.347999811172485352e-01
7.537000775337219238e-01
7.257998585700988770e-01
6.755997538566589355e-01
7.441999912261962891e-01
7.635000348091125488e-01
7.406000494956970215e-01
7.012999653816223145e-01
7.364000082015991211e-01
7.253999114036560059e-01
7.347000241279602051e-01
7.443000078201293945e-01
7.366998791694641113e-01
7.305998206138610840e-01
7.400998473167419434e-01
6.573000550270080566e-01
7.167001366615295410e-01
6.709001064300537109e-01
7.486000061035156250e-01
7.714002132415771484e-01
7.462000250816345215e-01
7.541999816894531250e-01
7.681002020835876465e-01
7.601000070571899414e-01
7.629002332687377930e-01
7.537000179290771484e-01
6.613998413085937500e-01
7.055001854896545410e-01
7.188001275062561035e-01
7.211000323295593262e-01
7.458999156951904297e-01
6.687998771667480469e-01
7.691998481750488281e-01
7.736999988555908203e-01
7.477000951766967773e-01
7.680999636650085449e-01
7.563000321388244629e-01
7.501999139785766602e-01
7.353999614715576172e-01
7.832999229431152344e-01
7.734000682830810547e-01
7.521000504493713379e-01
7.290999889373779297e-01
7.129999399185180664e-01
7.185000777244567871e-01
7.335000038146972656e-01
7.554999589920043945e-01
7.620000243186950684e-01
7.722001075744628906e-01
7.451000809669494629e-01
7.582998871803283691e-01
7.692002654075622559e-01
7.297000885009765625e-01
6.609998941421508789e-01
7.394999861717224121e-01
7.009997367858886719e-01
7.619000077247619629e-01
