2.053999453783035278e-01
4.444999396800994873e-01
4.344999194145202637e-01
5.245000720024108887e-01
5.680000185966491699e-01
5.943000316619873047e-01
6.242001056671142578e-01
6.745998859405517578e-01
6.649000048637390137e-01
6.882997751235961914e-01
6.977002024650573730e-01
7.200001478195190430e-01
7.176999449729919434e-01
7.163998484611511230e-01
7.264000177383422852e-01
7.317000031471252441e-01
7.352000474929809570e-01
7.072001695632934570e-01
7.302000522613525391e-01
7.335000634193420410e-01
7.297000885009765625e-01
7.469000816345214844e-01
7.517999410629272461e-01
7.508000731468200684e-01
7.487000823020935059e-01
7.277998924255371094e-01
7.425999641418457031e-01
7.477000355720520020e-01
7.468999624252319336e-01
7.493999600410461426e-01
7.547000646591186523e-01
7.539998888969421387e-01
7.537999749183654785e-01
7.536000013351440430e-01
7.616999149322509766e-01
7.556001543998718262e-01
7.590999007225036621e-01
7.470998167991638184e-01
7.523000240325927734e-01
7.561999559402465820e-01
7.551000118255615234e-01
7.623998522758483887e-01
7.620996832847595215e-01
7.534998059272766113e-01
7.610000371932983398e-01
7.620999813079833984e-01
7.655999064445495605e-01
7.658998966217041016e-01
7.659000158309936523e-01
7.674001455307006836e-01
7.689002156257629395e-01
7.645000219345092773e-01
7.589000463485717773e-01
7.657001018524169922e-01
7.600997686386108398e-01
7.684999704360961914e-01
7.694998383522033691e-01
7.633998990058898926e-01
7.766001224517822266e-01
7.630996108055114746e-01
7.680000066757202148e-01
7.742999196052551270e-01
7.745997905731201172e-01
7.684999704360961914e-01
7.626999020576477051e-01
7.686997056007385254e-01
7.637000083923339844e-01
7.654999494552612305e-01
7.669000029563903809e-01
7.745999693870544434e-01
7.711001038551330566e-01
7.650999426841735840e-01
7.736999392509460449e-01
7.762000560760498047e-01
7.775999307632446289e-01
7.717999815940856934e-01
7.550998926162719727e-01
7.728000879287719727e-01
7.759997844696044922e-01
7.792996764183044434e-01
7.801999449729919434e-01
7.791999578475952148e-01
7.799000740051269531e-01
7.535997033119201660e-01
7.690998315811157227e-01
7.730999588966369629e-01
7.750000953674316406e-01
7.256001234054565430e-01
7.571999430656433105e-01
7.748001217842102051e-01
7.205000519752502441e-01
7.510000467300415039e-01
7.666999101638793945e-01
7.815998196601867676e-01
7.503999471664428711e-01
7.839998006820678711e-01
7.402999997138977051e-01
7.563999891281127930e-01
7.611998915672302246e-01
7.223998904228210449e-01
