1.031999960541725159e-01
3.314000070095062256e-01
4.585000276565551758e-01
3.110999763011932373e-01
5.601000785827636719e-01
3.664999902248382568e-01
4.381999969482421875e-01
5.713001489639282227e-01
4.123999774456024170e-01
6.023000478744506836e-01
5.634999275207519531e-01
5.811001062393188477e-01
6.075001955032348633e-01
5.528999567031860352e-01
4.996000528335571289e-01
5.708000063896179199e-01
5.950000882148742676e-01
6.778999567031860352e-01
5.831000804901123047e-01
6.594998836517333984e-01
5.170000791549682617e-01
6.408999562263488770e-01
6.445001959800720215e-01
6.503999829292297363e-01
6.598998904228210449e-01
6.597999334335327148e-01
5.623000264167785645e-01
6.771000027656555176e-01
6.631999015808105469e-01
6.483998894691467285e-01
6.586000323295593262e-01
6.651998162269592285e-01
6.667000651359558105e-01
6.636998057365417480e-01
6.786000132560729980e-01
6.992001533508300781e-01
7.187998294830322266e-01
6.486998796463012695e-01
6.798000335693359375e-01
7.028998732566833496e-01
6.665000319480895996e-01
6.832999587059020996e-01
6.368998885154724121e-01
7.009000182151794434e-01
6.548998951911926270e-01
7.110999822616577148e-01
7.014999985694885254e-01
6.575998663902282715e-01
6.928998827934265137e-01
7.010999321937561035e-01
6.995998620986938477e-01
7.232000231742858887e-01
7.059999704360961914e-01
7.177001237869262695e-01
7.177000641822814941e-01
7.290999889373779297e-01
7.241002917289733887e-01
7.264999151229858398e-01
7.149999141693115234e-01
7.153999209403991699e-01
7.064998745918273926e-01
7.276999950408935547e-01
7.300000786781311035e-01
7.313002943992614746e-01
7.289999127388000488e-01
7.347000241279602051e-01
7.370997667312622070e-01
7.397000193595886230e-01
6.662998795509338379e-01
7.050999999046325684e-01
7.280001640319824219e-01
7.304998636245727539e-01
6.980999708175659180e-01
7.552999258041381836e-01
7.219998240470886230e-01
7.470999360084533691e-01
7.247998118400573730e-01
7.454000711441040039e-01
7.510999441146850586e-01
7.428001165390014648e-01
6.746998429298400879e-01
7.361000180244445801e-01
7.412000894546508789e-01
7.288998365402221680e-01
7.352998852729797363e-01
5.859999656677246094e-01
7.433999776840209961e-01
7.391000390052795410e-01
7.414000034332275391e-01
7.201999425888061523e-01
7.439002394676208496e-01
7.348998785018920898e-01
7.391996979713439941e-01
7.473999261856079102e-01
7.503999471664428711e-01
7.425000071525573730e-01
7.489000558853149414e-01
7.523000836372375488e-01
7.504000663757324219e-01
7.078999876976013184e-01
