1.234000176191329956e-01
2.262999564409255981e-01
2.484999895095825195e-01
3.382000029087066650e-01
3.824999928474426270e-01
4.449998140335083008e-01
5.245999693870544434e-01
5.900002121925354004e-01
5.587999224662780762e-01
5.778998732566833496e-01
6.129000782966613770e-01
6.069000363349914551e-01
6.338999271392822266e-01
6.352999806404113770e-01
5.773999691009521484e-01
6.083998680114746094e-01
6.159999370574951172e-01
5.823000669479370117e-01
6.162999272346496582e-01
6.001999974250793457e-01
6.148999929428100586e-01
6.152999997138977051e-01
6.154000163078308105e-01
5.523001551628112793e-01
5.990999937057495117e-01
6.057999730110168457e-01
6.071999073028564453e-01
4.863000214099884033e-01
6.180999875068664551e-01
5.975999236106872559e-01
6.107999682426452637e-01
6.179000735282897949e-01
6.163999438285827637e-01
5.909999012947082520e-01
5.837999582290649414e-01
5.866001248359680176e-01
6.079999804496765137e-01
5.899001359939575195e-01
5.850999951362609863e-01
5.804001092910766602e-01
5.972000360488891602e-01
4.804000556468963623e-01
5.888999700546264648e-01
5.948999524116516113e-01
6.222999691963195801e-01
6.068999171257019043e-01
6.258999705314636230e-01
6.104000210762023926e-01
5.554000735282897949e-01
5.852999687194824219e-01
6.033999919891357422e-01
6.103000640869140625e-01
6.012001633644104004e-01
6.059999465942382812e-01
5.857002139091491699e-01
6.072000265121459961e-01
6.088998317718505859e-01
6.101000308990478516e-01
6.042000651359558105e-01
5.994000434875488281e-01
5.993000268936157227e-01
5.967001318931579590e-01
6.238000392913818359e-01
6.132001876831054688e-01
6.169000864028930664e-01
