2.239000350236892700e-01
2.917000949382781982e-01
3.171000778675079346e-01
3.924999237060546875e-01
4.828999340534210205e-01
5.148999691009521484e-01
5.699999332427978516e-01
6.254999041557312012e-01
6.328999996185302734e-01
6.001001000404357910e-01
6.392000317573547363e-01
6.396999359130859375e-01
6.451997160911560059e-01
6.394999027252197266e-01
6.182999610900878906e-01
5.905999541282653809e-01
6.148998737335205078e-01
6.441000103950500488e-01
6.483999490737915039e-01
6.594000458717346191e-01
6.634998917579650879e-01
6.736999750137329102e-01
6.720001101493835449e-01
6.828998327255249023e-01
6.858000159263610840e-01
6.903998851776123047e-01
6.783999800682067871e-01
6.757000088691711426e-01
6.367000341415405273e-01
7.038998603820800781e-01
6.991999149322509766e-01
6.287001371383666992e-01
6.880000233650207520e-01
6.980000138282775879e-01
7.195999026298522949e-01
7.032998800277709961e-01
5.950000286102294922e-01
6.513000726699829102e-01
7.211998105049133301e-01
7.218999266624450684e-01
7.207001447677612305e-01
7.092999815940856934e-01
7.310997843742370605e-01
7.202998399734497070e-01
7.064999938011169434e-01
7.265000939369201660e-01
7.120000720024108887e-01
7.203001379966735840e-01
7.485999464988708496e-01
7.249999046325683594e-01
7.284998893737792969e-01
7.251000404357910156e-01
7.263000011444091797e-01
7.309998869895935059e-01
7.245001196861267090e-01
7.283999919891357422e-01
7.194998860359191895e-01
7.267000675201416016e-01
7.270998358726501465e-01
7.331998944282531738e-01
7.211000919342041016e-01
7.328998446464538574e-01
7.312999963760375977e-01
7.376999855041503906e-01
7.376000881195068359e-01
7.384002208709716797e-01
7.432999610900878906e-01
7.305998802185058594e-01
7.488999962806701660e-01
7.463999986648559570e-01
7.423000931739807129e-01
7.299000024795532227e-01
7.419999837875366211e-01
7.442999482154846191e-01
7.537000775337219238e-01
7.576000690460205078e-01
7.617999315261840820e-01
7.517999410629272461e-01
7.500001788139343262e-01
7.567001581192016602e-01
7.523999214172363281e-01
7.441002130508422852e-01
7.540999650955200195e-01
7.574999928474426270e-01
7.420001029968261719e-01
7.576000690460205078e-01
7.604998946189880371e-01
7.577000260353088379e-01
7.541000247001647949e-01
7.562997937202453613e-01
7.563998699188232422e-01
7.045999169349670410e-01
7.491998076438903809e-01
7.566999793052673340e-01
7.578000426292419434e-01
7.609999775886535645e-01
7.580999732017517090e-01
7.509000301361083984e-01
7.520000338554382324e-01
7.631999850273132324e-01
