1.743999421596527100e-01
2.898000776767730713e-01
3.738000094890594482e-01
3.431001305580139160e-01
3.467999696731567383e-01
3.344000279903411865e-01
3.657001256942749023e-01
4.480998516082763672e-01
4.437999427318572998e-01
5.464999675750732422e-01
5.468000173568725586e-01
4.734998941421508789e-01
4.717000126838684082e-01
4.902999997138977051e-01
5.207000970840454102e-01
5.318999886512756348e-01
5.796999931335449219e-01
5.595000982284545898e-01
6.108000278472900391e-01
6.246000528335571289e-01
6.270999312400817871e-01
6.315000653266906738e-01
6.256000399589538574e-01
4.482999444007873535e-01
5.901998281478881836e-01
5.480000972747802734e-01
6.069000959396362305e-01
5.967000722885131836e-01
6.215000748634338379e-01
6.392999887466430664e-01
6.388000249862670898e-01
6.365999579429626465e-01
6.096000671386718750e-01
6.048000454902648926e-01
6.289999485015869141e-01
6.217998862266540527e-01
6.194000244140625000e-01
4.967000484466552734e-01
6.696000695228576660e-01
6.012000441551208496e-01
6.455999016761779785e-01
6.260000467300415039e-01
6.948000192642211914e-01
6.931999325752258301e-01
6.592998504638671875e-01
5.809999704360961914e-01
6.480998992919921875e-01
6.690000295639038086e-01
4.647997915744781494e-01
5.941000580787658691e-01
6.500001549720764160e-01
6.209999322891235352e-01
6.528998613357543945e-01
6.302999258041381836e-01
6.517000794410705566e-01
7.045001387596130371e-01
6.868000626564025879e-01
6.583999395370483398e-01
6.914001703262329102e-01
4.404999017715454102e-01
2.585999667644500732e-01
6.013000607490539551e-01
6.755998730659484863e-01
7.180001139640808105e-01
6.936999559402465820e-01
6.902000904083251953e-01
7.386001348495483398e-01
7.324998974800109863e-01
7.244998812675476074e-01
7.247000932693481445e-01
7.271001338958740234e-01
6.578000783920288086e-01
7.091000080108642578e-01
6.983000040054321289e-01
7.013001441955566406e-01
5.293000936508178711e-01
4.267000555992126465e-01
5.650999546051025391e-01
6.807001233100891113e-01
7.400001287460327148e-01
7.014998793601989746e-01
6.781998276710510254e-01
7.049000263214111328e-01
7.312000393867492676e-01
7.336002588272094727e-01
6.488998532295227051e-01
7.445999383926391602e-01
7.234998941421508789e-01
7.325999736785888672e-01
7.286998629570007324e-01
7.484998106956481934e-01
7.326000332832336426e-01
7.067999839782714844e-01
6.850999593734741211e-01
7.134999632835388184e-01
6.217999458312988281e-01
7.233998775482177734e-01
7.177999615669250488e-01
7.020002007484436035e-01
6.960998773574829102e-01
