3.771000206470489502e-01
5.202000141143798828e-01
4.816000759601593018e-01
4.524000585079193115e-01
4.530999660491943359e-01
5.027000308036804199e-01
5.799000263214111328e-01
6.111001372337341309e-01
6.389999985694885254e-01
6.140000820159912109e-01
6.509999632835388184e-01
6.564998626708984375e-01
6.753001213073730469e-01
5.924999713897705078e-01
6.772999763488769531e-01
6.914001703262329102e-01
6.994001269340515137e-01
7.027001380920410156e-01
7.161002159118652344e-01
7.246000170707702637e-01
7.362998723983764648e-01
5.830000042915344238e-01
7.161001563072204590e-01
7.321000695228576660e-01
7.389000654220581055e-01
7.396000623703002930e-01
7.425000071525573730e-01
7.478000521659851074e-01
7.498999834060668945e-01
7.523998022079467773e-01
7.525999546051025391e-01
7.537999153137207031e-01
7.524998188018798828e-01
7.602999210357666016e-01
7.585000395774841309e-01
7.624001502990722656e-01
7.635999321937561035e-01
7.625000476837158203e-01
7.655001878738403320e-01
7.671002149581909180e-01
7.689999341964721680e-01
7.554001808166503906e-01
7.650998830795288086e-01
7.686998844146728516e-01
7.722999453544616699e-01
7.780001163482666016e-01
7.745000720024108887e-01
7.781001925468444824e-01
7.769998908042907715e-01
7.761998176574707031e-01
7.771999835968017578e-01
7.646998763084411621e-01
7.709000110626220703e-01
7.857000231742858887e-01
7.892001271247863770e-01
7.845001220703125000e-01
7.926998734474182129e-01
7.799000740051269531e-01
7.886000275611877441e-01
7.085999250411987305e-01
7.851001024246215820e-01
7.969999909400939941e-01
7.956998944282531738e-01
7.935998439788818359e-01
7.970998287200927734e-01
7.709001302719116211e-01
7.042000293731689453e-01
7.686001062393188477e-01
7.988000512123107910e-01
7.958998680114746094e-01
8.015999794006347656e-01
8.012000918388366699e-01
8.019000291824340820e-01
8.081002831459045410e-01
8.010999560356140137e-01
8.027000427246093750e-01
8.051002025604248047e-01
8.051998615264892578e-01
7.926000952720642090e-01
7.967998981475830078e-01
8.060001134872436523e-01
7.890999317169189453e-01
8.027001023292541504e-01
8.055000901222229004e-01
8.062998056411743164e-01
8.057999610900878906e-01
8.063998222351074219e-01
8.052000999450683594e-01
8.064000010490417480e-01
8.060998320579528809e-01
8.044998049736022949e-01
8.036999702453613281e-01
8.070999383926391602e-01
7.720999121665954590e-01
7.640001177787780762e-01
7.956998944282531738e-01
7.865998148918151855e-01
7.973999977111816406e-01
8.129999637603759766e-01
8.119000792503356934e-01
