2.207999825477600098e-01
3.228000700473785400e-01
4.773000478744506836e-01
4.063999950885772705e-01
4.476000070571899414e-01
5.434000492095947266e-01
5.842000246047973633e-01
5.190000534057617188e-01
5.758000612258911133e-01
6.094000339508056641e-01
6.336002349853515625e-01
6.409999728202819824e-01
6.034000515937805176e-01
6.137998700141906738e-01
6.349000334739685059e-01
6.474001407623291016e-01
6.571000814437866211e-01
6.474999785423278809e-01
6.751999855041503906e-01
5.250000357627868652e-01
6.180998682975769043e-01
6.293998956680297852e-01
6.244000792503356934e-01
6.392002105712890625e-01
6.634998321533203125e-01
6.880998015403747559e-01
6.813998222351074219e-01
6.737998723983764648e-01
6.802999973297119141e-01
6.837999224662780762e-01
6.151999235153198242e-01
6.941999197006225586e-01
6.934000253677368164e-01
6.900999546051025391e-01
7.030000090599060059e-01
7.003999948501586914e-01
6.884999871253967285e-01
6.909999251365661621e-01
6.574998497962951660e-01
6.786998510360717773e-01
6.785998344421386719e-01
6.890999674797058105e-01
6.804999709129333496e-01
6.963999867439270020e-01
6.954999566078186035e-01
6.675999164581298828e-01
7.149000763893127441e-01
7.373999953269958496e-01
7.109000682830810547e-01
7.109000682830810547e-01
6.414999961853027344e-01
3.812000155448913574e-01
7.337999939918518066e-01
7.256001234054565430e-01
6.948999762535095215e-01
6.820000410079956055e-01
7.065998911857604980e-01
7.250998616218566895e-01
6.802000999450683594e-01
7.201999425888061523e-01
7.096999883651733398e-01
7.002999186515808105e-01
4.389000236988067627e-01
5.934000611305236816e-01
6.873999834060668945e-01
7.394000887870788574e-01
7.084999680519104004e-01
7.087000012397766113e-01
6.863998174667358398e-01
6.979999542236328125e-01
6.689000129699707031e-01
7.232000827789306641e-01
7.232000827789306641e-01
7.214999198913574219e-01
7.148998975753784180e-01
7.130000591278076172e-01
7.167997956275939941e-01
7.188999056816101074e-01
6.481999754905700684e-01
6.989997625350952148e-01
6.306000351905822754e-01
7.207998633384704590e-01
4.655000567436218262e-01
6.544998884201049805e-01
7.305999994277954102e-01
7.356000542640686035e-01
4.825999438762664795e-01
6.189999580383300781e-01
6.890999078750610352e-01
7.003999352455139160e-01
7.198000550270080566e-01
6.901999711990356445e-01
7.230001091957092285e-01
7.097998261451721191e-01
7.072999477386474609e-01
7.352998852729797363e-01
6.877999901771545410e-01
7.178999185562133789e-01
7.141000628471374512e-01
6.576001048088073730e-01
