2.136999368667602539e-01
4.096999764442443848e-01
4.154999852180480957e-01
5.208999514579772949e-01
5.824999809265136719e-01
5.927001237869262695e-01
5.908000469207763672e-01
6.304000616073608398e-01
6.291999220848083496e-01
6.428000926971435547e-01
6.536000967025756836e-01
6.437999606132507324e-01
6.572000980377197266e-01
6.418999433517456055e-01
6.617998480796813965e-01
6.440999507904052734e-01
6.598001122474670410e-01
6.707000136375427246e-01
6.562999486923217773e-01
6.019000411033630371e-01
6.374998688697814941e-01
6.948997974395751953e-01
7.064000964164733887e-01
6.967997550964355469e-01
7.089999318122863770e-01
6.333998441696166992e-01
7.043001055717468262e-01
7.184998989105224609e-01
6.938999891281127930e-01
6.076000928878784180e-01
7.282001376152038574e-01
7.329998612403869629e-01
7.276999950408935547e-01
7.225000858306884766e-01
7.273000478744506836e-01
6.242000460624694824e-01
6.855999827384948730e-01
7.005999684333801270e-01
6.917999386787414551e-01
7.025998830795288086e-01
7.074000835418701172e-01
6.619999408721923828e-01
7.130000591278076172e-01
6.846999526023864746e-01
6.735000014305114746e-01
7.310000061988830566e-01
7.064999938011169434e-01
7.065997123718261719e-01
7.147001028060913086e-01
7.201998233795166016e-01
6.817998290061950684e-01
7.089999318122863770e-01
7.180000543594360352e-01
7.090998888015747070e-01
6.940999031066894531e-01
6.976999640464782715e-01
7.357999682426452637e-01
7.203000783920288086e-01
7.357000708580017090e-01
7.294000387191772461e-01
7.148000597953796387e-01
7.184998393058776855e-01
7.284001111984252930e-01
6.618000268936157227e-01
7.126999497413635254e-01
7.194001078605651855e-01
7.024000287055969238e-01
7.284998893737792969e-01
7.266000509262084961e-01
7.324000000953674316e-01
7.166999578475952148e-01
7.616000175476074219e-01
6.711999773979187012e-01
7.028999328613281250e-01
7.220000624656677246e-01
7.374998331069946289e-01
7.411000132560729980e-01
7.210999131202697754e-01
7.286000251770019531e-01
7.338997721672058105e-01
7.514000535011291504e-01
7.318000197410583496e-01
7.279000878334045410e-01
7.236999464035034180e-01
7.167001366615295410e-01
7.560998797416687012e-01
7.548002004623413086e-01
7.578999996185302734e-01
7.518000006675720215e-01
7.479999732971191406e-01
7.831000685691833496e-01
7.763999104499816895e-01
7.490000128746032715e-01
7.496999502182006836e-01
7.542002201080322266e-01
7.576999068260192871e-01
7.546000480651855469e-01
7.529998016357421875e-01
7.580999135971069336e-01
7.682999372482299805e-01
