2.745999991893768311e-01
3.265999853610992432e-01
3.662999868392944336e-01
4.004000127315521240e-01
4.542000293731689453e-01
4.299999475479125977e-01
4.806999862194061279e-01
5.015999674797058105e-01
5.362000465393066406e-01
5.426998734474182129e-01
5.694000124931335449e-01
5.798000693321228027e-01
5.685000419616699219e-01
5.964000821113586426e-01
5.649001002311706543e-01
6.579000949859619141e-01
6.229000687599182129e-01
6.816999912261962891e-01
6.835001111030578613e-01
6.951000094413757324e-01
6.930999755859375000e-01
6.898998022079467773e-01
7.041999101638793945e-01
7.066999077796936035e-01
7.132999897003173828e-01
7.186999320983886719e-01
6.932998895645141602e-01
7.093001604080200195e-01
7.071999311447143555e-01
6.920000314712524414e-01
6.923000812530517578e-01
7.070000171661376953e-01
7.133001089096069336e-01
7.197000384330749512e-01
7.259000539779663086e-01
7.228000164031982422e-01
7.144001126289367676e-01
7.315000295639038086e-01
6.981998682022094727e-01
7.159999608993530273e-01
7.346002459526062012e-01
7.041999101638793945e-01
7.144999504089355469e-01
7.365998625755310059e-01
6.688998937606811523e-01
7.316001653671264648e-01
7.427000999450683594e-01
7.371000051498413086e-01
7.405000925064086914e-01
7.258998751640319824e-01
7.342000603675842285e-01
7.329998612403869629e-01
7.176998853683471680e-01
7.338002920150756836e-01
7.574001550674438477e-01
7.161998152732849121e-01
7.483000159263610840e-01
7.316000461578369141e-01
7.332998514175415039e-01
7.484998106956481934e-01
7.503997683525085449e-01
7.361999750137329102e-01
7.417999505996704102e-01
7.495999336242675781e-01
7.473999857902526855e-01
7.485999464988708496e-01
7.406001091003417969e-01
7.316998243331909180e-01
7.585000395774841309e-01
7.520999312400817871e-01
7.562000155448913574e-01
7.536000013351440430e-01
7.502002120018005371e-01
7.566998004913330078e-01
7.568999528884887695e-01
7.497000098228454590e-01
7.569000124931335449e-01
7.569000124931335449e-01
7.569999098777770996e-01
7.406002879142761230e-01
7.459999918937683105e-01
7.577999234199523926e-01
7.638000249862670898e-01
7.611000537872314453e-01
7.588998675346374512e-01
7.624001502990722656e-01
7.593999505043029785e-01
7.637000083923339844e-01
7.636999487876892090e-01
7.553001642227172852e-01
7.622002363204956055e-01
7.633998990058898926e-01
7.526999711990356445e-01
7.480999827384948730e-01
7.661002874374389648e-01
7.629999518394470215e-01
7.566999197006225586e-01
7.622999548912048340e-01
7.642999887466430664e-01
7.656999826431274414e-01
