1.247999966144561768e-01
2.578999400138854980e-01
3.139000535011291504e-01
3.982999920845031738e-01
4.596998691558837891e-01
5.113999843597412109e-01
6.152000427246093750e-01
6.440999507904052734e-01
6.633999347686767578e-01
6.455998420715332031e-01
6.362000107765197754e-01
6.251999139785766602e-01
6.967998743057250977e-01
6.500999927520751953e-01
6.667998433113098145e-01
7.235999107360839844e-01
7.201998233795166016e-01
7.265998721122741699e-01
7.145998477935791016e-01
7.025001049041748047e-01
7.170001864433288574e-01
7.242001891136169434e-01
7.293000817298889160e-01
6.722999811172485352e-01
6.608000993728637695e-01
6.576001644134521484e-01
7.038999199867248535e-01
7.228000760078430176e-01
7.026999592781066895e-01
7.027000188827514648e-01
6.878000497817993164e-01
6.991000175476074219e-01
7.212001085281372070e-01
7.300997972488403320e-01
7.240999341011047363e-01
7.335999011993408203e-01
7.027999162673950195e-01
7.243000864982604980e-01
7.037999629974365234e-01
7.090999484062194824e-01
7.270000576972961426e-01
7.390000820159912109e-01
7.440000176429748535e-01
7.437000870704650879e-01
7.271000146865844727e-01
7.379999756813049316e-01
7.159999012947082520e-01
6.810998320579528809e-01
7.264000177383422852e-01
7.267000079154968262e-01
7.312999963760375977e-01
7.389000058174133301e-01
6.985999941825866699e-01
7.369998097419738770e-01
7.498999238014221191e-01
7.404997944831848145e-01
7.490000128746032715e-01
7.529000639915466309e-01
7.469998002052307129e-01
7.336999773979187012e-01
7.400000095367431641e-01
7.469999194145202637e-01
7.538999319076538086e-01
7.571000456809997559e-01
7.503000497817993164e-01
7.559002637863159180e-01
7.498999834060668945e-01
7.499999403953552246e-01
7.249000072479248047e-01
7.465999722480773926e-01
7.430000305175781250e-01
7.563999295234680176e-01
7.516998052597045898e-01
7.570999860763549805e-01
7.459000945091247559e-01
7.616999149322509766e-01
7.375998497009277344e-01
7.461999654769897461e-01
7.583000659942626953e-01
7.105001807212829590e-01
7.253999114036560059e-01
7.559999823570251465e-01
7.450000643730163574e-01
7.513000965118408203e-01
7.493999600410461426e-01
7.649999260902404785e-01
7.621999979019165039e-01
7.653999328613281250e-01
7.618000507354736328e-01
7.504002451896667480e-01
7.565999627113342285e-01
7.619999051094055176e-01
7.472000718116760254e-01
7.495999336242675781e-01
7.339998483657836914e-01
7.529000043869018555e-01
7.455000281333923340e-01
7.466000914573669434e-01
7.548002004623413086e-01
7.570998668670654297e-01
