2.327999919652938843e-01
2.671000361442565918e-01
3.399000167846679688e-01
5.310000777244567871e-01
4.424999952316284180e-01
4.709999561309814453e-01
5.694002509117126465e-01
5.175998210906982422e-01
5.669000744819641113e-01
5.838000178337097168e-01
6.072000861167907715e-01
4.997999966144561768e-01
6.104001998901367188e-01
6.240999102592468262e-01
6.265000104904174805e-01
6.373999118804931641e-01
6.423999667167663574e-01
6.100001931190490723e-01
6.292998790740966797e-01
6.718999743461608887e-01
6.442999243736267090e-01
6.350000500679016113e-01
6.682998538017272949e-01
6.696000099182128906e-01
6.725998520851135254e-01
6.682999134063720703e-01
6.888999342918395996e-01
4.366998672485351562e-01
6.116000413894653320e-01
6.827999949455261230e-01
6.816000938415527344e-01
6.799000501632690430e-01
6.833999156951904297e-01
6.863000392913818359e-01
6.978999376296997070e-01
6.989999413490295410e-01
6.904001832008361816e-01
7.075999379158020020e-01
7.073999047279357910e-01
6.890999674797058105e-01
6.795998215675354004e-01
6.847999691963195801e-01
6.972998976707458496e-01
6.869996786117553711e-01
6.937000155448913574e-01
7.045000195503234863e-01
6.884999275207519531e-01
6.573001742362976074e-01
7.148997783660888672e-01
6.847999095916748047e-01
6.985999941825866699e-01
7.033998966217041016e-01
6.032000780105590820e-01
6.648001074790954590e-01
5.505999922752380371e-01
6.955001354217529297e-01
4.879001677036285400e-01
1.331999897956848145e-01
