3.460000157356262207e-01
3.879999220371246338e-01
4.069999456405639648e-01
4.161999821662902832e-01
4.449999928474426270e-01
4.891999065876007080e-01
5.313000082969665527e-01
4.706000089645385742e-01
5.867001414299011230e-01
5.845000147819519043e-01
6.271998882293701172e-01
6.362999081611633301e-01
5.666000247001647949e-01
6.301000118255615234e-01
6.510999798774719238e-01
6.156000494956970215e-01
6.545998454093933105e-01
6.708999872207641602e-01
6.586999297142028809e-01
6.802000403404235840e-01
6.885998249053955078e-01
6.879000663757324219e-01
6.899000406265258789e-01
6.901999711990356445e-01
6.922999024391174316e-01
6.894000172615051270e-01
6.659998893737792969e-01
6.836000084877014160e-01
6.951999068260192871e-01
6.983999013900756836e-01
7.017998695373535156e-01
6.949000358581542969e-01
6.976001262664794922e-01
6.998999118804931641e-01
6.551999449729919434e-01
7.023998498916625977e-01
7.177001237869262695e-01
6.736999750137329102e-01
7.229000926017761230e-01
7.132999897003173828e-01
7.439000606536865234e-01
6.950000524520874023e-01
7.051999568939208984e-01
7.258000373840332031e-01
7.248998880386352539e-01
7.235000729560852051e-01
7.244000434875488281e-01
7.261001467704772949e-01
7.324000597000122070e-01
7.339000701904296875e-01
7.222999334335327148e-01
7.300999164581298828e-01
7.452000379562377930e-01
7.092999815940856934e-01
7.325998544692993164e-01
7.235000133514404297e-01
7.338000535964965820e-01
7.239998579025268555e-01
7.508000135421752930e-01
7.465999722480773926e-01
7.515999674797058105e-01
7.502000331878662109e-01
7.442999482154846191e-01
7.414998412132263184e-01
7.523999214172363281e-01
7.076001167297363281e-01
7.329999804496765137e-01
7.475000023841857910e-01
7.531998157501220703e-01
7.355999946594238281e-01
7.429000139236450195e-01
7.587997913360595703e-01
7.622999548912048340e-01
7.448999881744384766e-01
7.503998279571533203e-01
7.569999694824218750e-01
7.590999007225036621e-01
7.470000386238098145e-01
7.345001101493835449e-01
7.484998106956481934e-01
7.605998516082763672e-01
7.638999819755554199e-01
7.649998664855957031e-01
7.659999728202819824e-01
7.737001180648803711e-01
7.705000042915344238e-01
7.475998401641845703e-01
7.712998986244201660e-01
7.653000354766845703e-01
7.560998797416687012e-01
7.510002255439758301e-01
7.340000867843627930e-01
7.674000263214111328e-01
7.510999441146850586e-01
6.361000537872314453e-01
7.421997785568237305e-01
7.823999524116516113e-01
7.768998742103576660e-01
7.539998888969421387e-01
7.650999426841735840e-01
