2.623000442981719971e-01
3.791000247001647949e-01
4.281000494956970215e-01
4.701998829841613770e-01
5.120000243186950684e-01
4.597999453544616699e-01
5.150998830795288086e-01
4.918000698089599609e-01
4.943001270294189453e-01
5.559001564979553223e-01
5.880999565124511719e-01
6.015000343322753906e-01
6.796001195907592773e-01
6.371001005172729492e-01
6.682998538017272949e-01
6.629998683929443359e-01
6.405999660491943359e-01
6.829000711441040039e-01
7.023999691009521484e-01
7.086001038551330566e-01
7.111001014709472656e-01
7.275998592376708984e-01
7.303997874259948730e-01
7.213999032974243164e-01
7.235999107360839844e-01
7.198998928070068359e-01
7.289998531341552734e-01
7.304001450538635254e-01
7.357000112533569336e-01
7.363000512123107910e-01
7.391999959945678711e-01
7.184998393058776855e-01
7.336997985839843750e-01
7.385999560356140137e-01
7.525997757911682129e-01
7.353000044822692871e-01
7.367000579833984375e-01
7.515999078750610352e-01
7.662001252174377441e-01
7.633000016212463379e-01
7.590000033378601074e-01
7.583000063896179199e-01
7.635001540184020996e-01
7.704001069068908691e-01
7.702001333236694336e-01
7.455999851226806641e-01
7.637001276016235352e-01
7.630000114440917969e-01
7.672998905181884766e-01
7.704998850822448730e-01
7.714998722076416016e-01
7.191999554634094238e-01
7.450000047683715820e-01
7.697998881340026855e-01
7.730996608734130859e-01
7.740997076034545898e-01
7.702000141143798828e-01
7.717999219894409180e-01
7.717999219894409180e-01
7.737999558448791504e-01
7.663002014160156250e-01
7.674001455307006836e-01
7.766000628471374512e-01
7.731999158859252930e-01
7.659001350402832031e-01
7.670998573303222656e-01
7.750999927520751953e-01
7.777999043464660645e-01
7.821996212005615234e-01
7.792999744415283203e-01
7.831999063491821289e-01
7.790000438690185547e-01
7.763001918792724609e-01
7.750999331474304199e-01
7.764999866485595703e-01
7.774000763893127441e-01
7.868998646736145020e-01
7.917000651359558105e-01
7.861998677253723145e-01
7.828999161720275879e-01
7.723001241683959961e-01
7.728000879287719727e-01
7.720999717712402344e-01
7.858999371528625488e-01
7.240000963211059570e-01
7.662001848220825195e-01
7.724999189376831055e-01
7.291998863220214844e-01
7.696999907493591309e-01
7.744001746177673340e-01
7.780999541282653809e-01
7.794999480247497559e-01
7.291001081466674805e-01
7.694999575614929199e-01
7.771000862121582031e-01
7.871000766754150391e-01
7.804002165794372559e-01
7.820999026298522949e-01
7.750999927520751953e-01
7.942000031471252441e-01
