2.214999794960021973e-01
3.840999603271484375e-01
3.973999023437500000e-01
4.406998455524444580e-01
4.414998888969421387e-01
3.539999723434448242e-01
3.006000220775604248e-01
4.834999740123748779e-01
5.066999197006225586e-01
5.692000389099121094e-01
5.776000618934631348e-01
5.287000536918640137e-01
5.502001047134399414e-01
3.649999499320983887e-01
3.907000422477722168e-01
5.990998744964599609e-01
6.229999661445617676e-01
5.481001138687133789e-01
5.986000299453735352e-01
6.332998871803283691e-01
6.480998396873474121e-01
4.172999858856201172e-01
4.878000020980834961e-01
6.159000992774963379e-01
6.439999341964721680e-01
5.836001038551330566e-01
6.303001642227172852e-01
5.245000720024108887e-01
6.214999556541442871e-01
6.090001463890075684e-01
6.730998754501342773e-01
6.748998761177062988e-01
6.866999268531799316e-01
6.775000095367431641e-01
6.781999468803405762e-01
4.817000627517700195e-01
6.342999935150146484e-01
6.487998962402343750e-01
6.779000759124755859e-01
6.863999366760253906e-01
6.949998736381530762e-01
6.904999017715454102e-01
6.909996867179870605e-01
5.217000842094421387e-01
5.515000820159912109e-01
6.383000016212463379e-01
6.240000724792480469e-01
6.991998553276062012e-01
7.078998684883117676e-01
7.046997547149658203e-01
7.018998861312866211e-01
6.353999972343444824e-01
7.125000953674316406e-01
7.169999480247497559e-01
7.081999182701110840e-01
7.098999619483947754e-01
7.044999003410339355e-01
7.113000750541687012e-01
7.079998850822448730e-01
5.512999296188354492e-01
3.395000100135803223e-01
6.480000019073486328e-01
6.845998167991638184e-01
7.145004272460937500e-01
6.408001184463500977e-01
7.176000475883483887e-01
7.208000421524047852e-01
6.467000842094421387e-01
6.338998675346374512e-01
6.757000684738159180e-01
7.199000716209411621e-01
7.322998642921447754e-01
7.168998718261718750e-01
7.232000231742858887e-01
7.285998463630676270e-01
6.590000391006469727e-01
7.163000702857971191e-01
7.102999687194824219e-01
7.183999419212341309e-01
7.115001082420349121e-01
7.169998884201049805e-01
7.257998585700988770e-01
7.243998646736145020e-01
5.883999466896057129e-01
6.355999708175659180e-01
4.654000103473663330e-01
6.756000518798828125e-01
6.662998795509338379e-01
7.031000256538391113e-01
7.359998822212219238e-01
6.826999187469482422e-01
4.356999695301055908e-01
6.361000537872314453e-01
7.026998996734619141e-01
7.249000072479248047e-01
7.337000370025634766e-01
7.332998514175415039e-01
7.358998060226440430e-01
7.358000278472900391e-01
5.979000329971313477e-01
