2.625999748706817627e-01
3.670000731945037842e-01
5.149000287055969238e-01
5.024999976158142090e-01
3.503000140190124512e-01
4.168000519275665283e-01
4.583000242710113525e-01
4.017001092433929443e-01
5.933001041412353516e-01
6.266999244689941406e-01
5.565999746322631836e-01
6.319000124931335449e-01
5.137000679969787598e-01
5.794001221656799316e-01
5.078000426292419434e-01
5.996999740600585938e-01
6.378999948501586914e-01
5.923998355865478516e-01
6.489999294281005859e-01
6.987001299858093262e-01
7.003999352455139160e-01
7.140999436378479004e-01
7.130000591278076172e-01
6.863997578620910645e-01
6.496999859809875488e-01
7.038000226020812988e-01
7.352001667022705078e-01
7.257999181747436523e-01
7.341001033782958984e-01
7.255000472068786621e-01
7.228000760078430176e-01
7.119998931884765625e-01
6.957998871803283691e-01
7.302998900413513184e-01
7.078002095222473145e-01
7.200998663902282715e-01
7.285000085830688477e-01
7.292999029159545898e-01
6.135001182556152344e-01
7.094999551773071289e-01
7.285000085830688477e-01
7.378001213073730469e-01
7.382000088691711426e-01
6.470001339912414551e-01
6.606999039649963379e-01
6.775998473167419434e-01
6.793000102043151855e-01
6.899001598358154297e-01
6.928999423980712891e-01
6.951999068260192871e-01
7.139998674392700195e-01
7.401998639106750488e-01
7.108998894691467285e-01
7.426999807357788086e-01
6.959001421928405762e-01
7.194998860359191895e-01
7.502002120018005371e-01
7.399999499320983887e-01
7.296999096870422363e-01
7.364999651908874512e-01
7.107998132705688477e-01
7.201000452041625977e-01
7.292999029159545898e-01
7.329000234603881836e-01
7.346000075340270996e-01
7.313998341560363770e-01
7.288998961448669434e-01
7.307999134063720703e-01
7.171000838279724121e-01
7.354000210762023926e-01
6.934999227523803711e-01
7.225998640060424805e-01
5.629000663757324219e-01
7.069999575614929199e-01
7.346999645233154297e-01
7.263998985290527344e-01
7.181997895240783691e-01
6.979999542236328125e-01
7.506999373435974121e-01
7.347001433372497559e-01
7.116001248359680176e-01
7.197000980377197266e-01
7.135999202728271484e-01
7.181000709533691406e-01
7.121999859809875488e-01
7.363000512123107910e-01
7.435001134872436523e-01
7.425000071525573730e-01
7.374000549316406250e-01
7.374002337455749512e-01
7.359000444412231445e-01
7.345000505447387695e-01
7.113999128341674805e-01
7.275000810623168945e-01
7.012000083923339844e-01
7.296000123023986816e-01
7.348000407218933105e-01
7.468999624252319336e-01
7.412999868392944336e-01
7.380998730659484863e-01
