2.744000256061553955e-01
3.541000783443450928e-01
4.389998614788055420e-01
4.249999225139617920e-01
4.884999990463256836e-01
4.242998957633972168e-01
4.426998794078826904e-01
4.132998585700988770e-01
4.609999060630798340e-01
5.296000838279724121e-01
5.673000812530517578e-01
5.461001992225646973e-01
5.636999607086181641e-01
5.522001385688781738e-01
5.721000432968139648e-01
5.319999456405639648e-01
6.299000382423400879e-01
6.231000423431396484e-01
6.343000531196594238e-01
6.447999477386474609e-01
6.394000053405761719e-01
6.372000575065612793e-01
6.204000711441040039e-01
6.376000642776489258e-01
6.371000409126281738e-01
6.607998609542846680e-01
6.779000163078308105e-01
6.901999115943908691e-01
6.514999270439147949e-01
6.779998540878295898e-01
6.782001256942749023e-01
6.477999687194824219e-01
6.330000162124633789e-01
6.620000600814819336e-01
6.649998426437377930e-01
6.853999495506286621e-01
5.949000716209411621e-01
6.623998880386352539e-01
6.723999977111816406e-01
6.647001504898071289e-01
6.942000389099121094e-01
6.116000413894653320e-01
6.728000044822692871e-01
6.946999430656433105e-01
6.930999755859375000e-01
6.744000315666198730e-01
6.875000596046447754e-01
7.082999348640441895e-01
6.798000335693359375e-01
7.007999420166015625e-01
7.074999809265136719e-01
6.953999996185302734e-01
7.032999396324157715e-01
6.782997846603393555e-01
7.044000029563903809e-01
6.524999737739562988e-01
6.716998815536499023e-01
6.458999514579772949e-01
7.033001184463500977e-01
7.189000844955444336e-01
7.221000194549560547e-01
7.239999175071716309e-01
7.224999070167541504e-01
6.895996928215026855e-01
6.885998249053955078e-01
6.895999312400817871e-01
7.165003418922424316e-01
7.125999331474304199e-01
7.014000415802001953e-01
7.215998768806457520e-01
7.159000635147094727e-01
7.056997418403625488e-01
7.113998532295227051e-01
5.315000414848327637e-01
6.834999918937683105e-01
4.728000164031982422e-01
6.255000233650207520e-01
4.973998665809631348e-01
6.938999295234680176e-01
7.117999792098999023e-01
6.629000306129455566e-01
6.896000504493713379e-01
4.409000873565673828e-01
7.305999994277954102e-01
7.163000702857971191e-01
7.353000044822692871e-01
7.361999750137329102e-01
7.267999053001403809e-01
6.198000907897949219e-01
4.261999130249023438e-01
7.195999622344970703e-01
7.224999070167541504e-01
7.303000688552856445e-01
7.406001091003417969e-01
7.185001969337463379e-01
7.275000214576721191e-01
7.414000034332275391e-01
6.686998009681701660e-01
7.299001812934875488e-01
6.355000138282775879e-01
