3.348000347614288330e-01
4.113000035285949707e-01
3.842001259326934814e-01
3.926999270915985107e-01
3.852999806404113770e-01
4.072999060153961182e-01
4.602000117301940918e-01
4.586000144481658936e-01
4.690999090671539307e-01
5.054998993873596191e-01
5.384998917579650879e-01
6.137999892234802246e-01
6.058999300003051758e-01
5.582001209259033203e-01
5.841999650001525879e-01
5.945000052452087402e-01
6.330000758171081543e-01
6.455000042915344238e-01
6.582000851631164551e-01
6.565000414848327637e-01
6.589998602867126465e-01
6.547001600265502930e-01
6.577000617980957031e-01
6.531999111175537109e-01
6.562999486923217773e-01
6.694999933242797852e-01
6.769999861717224121e-01
6.792997717857360840e-01
6.775999665260314941e-01
6.813999414443969727e-01
6.626998186111450195e-01
6.804999709129333496e-01
6.768000125885009766e-01
6.897000670433044434e-01
6.689000129699707031e-01
6.834999322891235352e-01
7.052999734878540039e-01
6.926999092102050781e-01
6.302000284194946289e-01
6.610998511314392090e-01
6.849999427795410156e-01
6.834999918937683105e-01
6.932001709938049316e-01
6.941000223159790039e-01
6.887999773025512695e-01
6.924999952316284180e-01
7.082000970840454102e-01
6.449000835418701172e-01
6.962001323699951172e-01
7.038000226020812988e-01
7.016001939773559570e-01
7.023001909255981445e-01
7.010998725891113281e-01
7.061001062393188477e-01
7.076001167297363281e-01
6.463999152183532715e-01
6.906999349594116211e-01
7.098001241683959961e-01
7.161999344825744629e-01
7.155001163482666016e-01
7.187998890876770020e-01
6.348000168800354004e-01
7.064000964164733887e-01
7.041001319885253906e-01
7.120000720024108887e-01
7.138999700546264648e-01
7.206999063491821289e-01
7.072001099586486816e-01
7.120999693870544434e-01
7.130998969078063965e-01
7.189001441001892090e-01
6.940999627113342285e-01
7.144001126289367676e-01
7.201998829841613770e-01
7.200000882148742676e-01
7.222998738288879395e-01
7.224000692367553711e-01
7.201998829841613770e-01
7.221997976303100586e-01
7.200999259948730469e-01
7.247000932693481445e-01
7.149001955986022949e-01
7.201998829841613770e-01
7.197998166084289551e-01
7.197999358177185059e-01
7.217999100685119629e-01
7.182998061180114746e-01
7.098999023437500000e-01
7.218000292778015137e-01
7.023000121116638184e-01
7.182998657226562500e-01
7.249001264572143555e-01
7.079999446868896484e-01
7.232000827789306641e-01
7.237999439239501953e-01
7.164000868797302246e-01
7.230998873710632324e-01
7.121998667716979980e-01
7.257001996040344238e-01
7.271999120712280273e-01
