2.428000122308731079e-01
3.611000478267669678e-01
5.429000258445739746e-01
6.671999096870422363e-01
6.930001974105834961e-01
7.422000169754028320e-01
7.499002218246459961e-01
7.795000672340393066e-01
7.903998494148254395e-01
8.010999560356140137e-01
8.212999701499938965e-01
8.256001472473144531e-01
8.315001726150512695e-01
8.417000770568847656e-01
8.244001269340515137e-01
8.487001061439514160e-01
8.571000695228576660e-01
8.616000413894653320e-01
8.646000027656555176e-01
8.698999285697937012e-01
8.716999292373657227e-01
8.805999159812927246e-01
8.570000529289245605e-01
8.624999523162841797e-01
8.899999260902404785e-01
8.825997710227966309e-01
8.763000369071960449e-01
8.888002038002014160e-01
8.851001858711242676e-01
8.756003379821777344e-01
8.785002231597900391e-01
8.898004293441772461e-01
8.866001367568969727e-01
9.044000506401062012e-01
8.977999687194824219e-01
9.061000943183898926e-01
9.045001864433288574e-01
9.042000770568847656e-01
8.840000629425048828e-01
8.821001648902893066e-01
9.046001434326171875e-01
9.018999338150024414e-01
9.143000841140747070e-01
9.093001484870910645e-01
8.922001719474792480e-01
9.108000397682189941e-01
9.068998098373413086e-01
9.184002876281738281e-01
9.089999198913574219e-01
9.021998047828674316e-01
9.098998904228210449e-01
9.195998311042785645e-01
9.047001004219055176e-01
9.141000509262084961e-01
9.115000963211059570e-01
9.018000960350036621e-01
9.182000756263732910e-01
9.161003828048706055e-01
9.159001111984252930e-01
9.150000810623168945e-01
9.216000437736511230e-01
9.287002086639404297e-01
9.150002002716064453e-01
9.214998483657836914e-01
9.239000678062438965e-01
9.283999800682067871e-01
9.254000186920166016e-01
9.161998033523559570e-01
9.159002900123596191e-01
9.233003258705139160e-01
9.242999553680419922e-01
9.230998754501342773e-01
9.280002117156982422e-01
9.257003068923950195e-01
9.273000359535217285e-01
9.251998662948608398e-01
9.251000285148620605e-01
9.017001390457153320e-01
9.188001155853271484e-01
9.235002398490905762e-01
9.256000518798828125e-01
9.277001023292541504e-01
9.270001053810119629e-01
9.222000241279602051e-01
9.217998981475830078e-01
9.093001484870910645e-01
9.272000789642333984e-01
9.309002161026000977e-01
9.241999983787536621e-01
9.335002303123474121e-01
9.249000549316406250e-01
9.294000267982482910e-01
9.267002344131469727e-01
9.265000820159912109e-01
9.311003088951110840e-01
9.187998771667480469e-01
9.207000136375427246e-01
9.327002167701721191e-01
9.288002848625183105e-01
9.375001788139343262e-01
