2.862000167369842529e-01
4.486000835895538330e-01
5.919998884201049805e-01
6.015000343322753906e-01
6.747998595237731934e-01
7.136999368667602539e-01
7.317000031471252441e-01
7.692999839782714844e-01
7.945001125335693359e-01
8.004998564720153809e-01
8.176000714302062988e-01
8.319999575614929199e-01
8.510000705718994141e-01
8.496000766754150391e-01
8.651000261306762695e-01
8.710001111030578613e-01
8.738000988960266113e-01
8.794000744819641113e-01
8.839001655578613281e-01
8.853999376296997070e-01
8.583000898361206055e-01
8.546003103256225586e-01
8.830001950263977051e-01
8.624998331069946289e-01
8.616999983787536621e-01
8.885999917984008789e-01
8.907001018524169922e-01
8.876001834869384766e-01
8.878997564315795898e-01
8.931999206542968750e-01
8.926998972892761230e-01
8.878998756408691406e-01
8.825000524520874023e-01
9.005999565124511719e-01
8.993999361991882324e-01
8.651000261306762695e-01
8.852000236511230469e-01
9.061998724937438965e-01
8.840000033378601074e-01
8.667001128196716309e-01
9.044999480247497559e-01
9.067996740341186523e-01
8.974001407623291016e-01
8.792001605033874512e-01
9.123998284339904785e-01
9.098999500274658203e-01
8.980003595352172852e-01
9.185001850128173828e-01
9.178999066352844238e-01
9.011998772621154785e-01
9.114000797271728516e-01
9.124998450279235840e-01
8.914998769760131836e-01
9.162001013755798340e-01
9.208000302314758301e-01
9.168000817298889160e-01
9.084999561309814453e-01
9.202001094818115234e-01
9.245002269744873047e-01
9.269000291824340820e-01
9.148000478744506836e-01
9.270000457763671875e-01
9.243999719619750977e-01
9.198998808860778809e-01
9.146000146865844727e-01
9.199000000953674316e-01
9.149001240730285645e-01
9.221000671386718750e-01
9.191998839378356934e-01
9.053001403808593750e-01
9.083998799324035645e-01
9.042000770568847656e-01
9.235000014305114746e-01
9.284000992774963379e-01
9.119998812675476074e-01
9.189997911453247070e-01
9.292002320289611816e-01
9.268000721931457520e-01
9.237001538276672363e-01
9.242999553680419922e-01
9.253000020980834961e-01
9.286000132560729980e-01
9.235998392105102539e-01
9.282000660896301270e-01
9.273999929428100586e-01
9.351999759674072266e-01
9.222000241279602051e-01
9.053001999855041504e-01
9.080998301506042480e-01
9.317000508308410645e-01
9.087999463081359863e-01
9.331001043319702148e-01
9.330000281333923340e-01
9.153998494148254395e-01
9.206001162528991699e-01
9.135000705718994141e-01
9.283000230789184570e-01
9.327002763748168945e-01
9.146000742912292480e-01
9.238002300262451172e-01
