1.792999207973480225e-01
2.987999916076660156e-01
5.084000825881958008e-01
4.214999675750732422e-01
3.937000036239624023e-01
4.597000181674957275e-01
4.813998937606811523e-01
5.207000970840454102e-01
5.286999344825744629e-01
6.501999497413635254e-01
6.597000360488891602e-01
6.298998594284057617e-01
6.757999658584594727e-01
7.015999555587768555e-01
5.818001031875610352e-01
6.844000220298767090e-01
6.911999583244323730e-01
6.565998196601867676e-01
7.303000092506408691e-01
7.332000732421875000e-01
6.785999536514282227e-01
7.147999405860900879e-01
6.999999284744262695e-01
7.326998710632324219e-01
6.139000058174133301e-01
7.003998756408691406e-01
6.635999083518981934e-01
6.926000118255615234e-01
6.841000318527221680e-01
7.296000719070434570e-01
6.945998668670654297e-01
7.426999807357788086e-01
6.916999220848083496e-01
6.695998907089233398e-01
6.834999322891235352e-01
6.989999413490295410e-01
6.064001321792602539e-01
7.614000439643859863e-01
7.646999955177307129e-01
6.394000649452209473e-01
7.299000024795532227e-01
7.436999678611755371e-01
7.391999959945678711e-01
7.457001209259033203e-01
6.594998836517333984e-01
6.973999142646789551e-01
7.451999187469482422e-01
7.514001727104187012e-01
7.258998751640319824e-01
7.756000757217407227e-01
7.455000281333923340e-01
7.508000731468200684e-01
6.853000521659851074e-01
7.616999149322509766e-01
7.132999897003173828e-01
7.218997478485107422e-01
7.391002178192138672e-01
7.376999855041503906e-01
6.921998858451843262e-01
7.180998921394348145e-01
6.627001166343688965e-01
7.379000782966613770e-01
7.041998505592346191e-01
7.005999088287353516e-01
7.423999905586242676e-01
7.344999909400939941e-01
7.573997974395751953e-01
7.586999535560607910e-01
7.780000567436218262e-01
7.490000724792480469e-01
7.454997301101684570e-01
6.873000264167785645e-01
7.107999920845031738e-01
7.544000744819641113e-01
7.566999793052673340e-01
7.504997849464416504e-01
7.502998113632202148e-01
7.736998796463012695e-01
7.577002048492431641e-01
7.317999005317687988e-01
6.531999707221984863e-01
7.601000070571899414e-01
7.664999365806579590e-01
7.656999230384826660e-01
6.526999473571777344e-01
7.263000607490539551e-01
7.644999623298645020e-01
7.321001291275024414e-01
7.163001298904418945e-01
7.674998641014099121e-01
7.427999377250671387e-01
7.558999061584472656e-01
7.276000380516052246e-01
7.458000183105468750e-01
7.429998517036437988e-01
7.071999311447143555e-01
6.943997144699096680e-01
7.640001773834228516e-01
7.824001312255859375e-01
7.497000098228454590e-01
