1.725999861955642700e-01
2.648000717163085938e-01
4.085999727249145508e-01
3.995000422000885010e-01
3.541000485420227051e-01
4.830000400543212891e-01
5.199999809265136719e-01
4.333000481128692627e-01
5.418000221252441406e-01
5.888999700546264648e-01
6.193001270294189453e-01
6.085000634193420410e-01
6.129999756813049316e-01
6.477999687194824219e-01
7.218000292778015137e-01
6.379999518394470215e-01
7.094998955726623535e-01
7.313998341560363770e-01
7.405002117156982422e-01
6.976000070571899414e-01
7.055999636650085449e-01
5.647999644279479980e-01
6.970000267028808594e-01
6.122999191284179688e-01
6.226999759674072266e-01
5.832999944686889648e-01
6.394001245498657227e-01
6.302000880241394043e-01
6.955999732017517090e-01
6.612999439239501953e-01
6.984001398086547852e-01
6.566998362541198730e-01
6.470000743865966797e-01
7.125998139381408691e-01
6.450001001358032227e-01
7.008998990058898926e-01
7.310000061988830566e-01
6.506001353263854980e-01
7.279000282287597656e-01
7.765001058578491211e-01
6.884999871253967285e-01
6.261000037193298340e-01
7.038999199867248535e-01
7.166998982429504395e-01
7.184000611305236816e-01
6.819998025894165039e-01
7.086999416351318359e-01
6.686999797821044922e-01
6.826000213623046875e-01
6.808000206947326660e-01
6.963998675346374512e-01
7.427999377250671387e-01
7.293997406959533691e-01
7.239999175071716309e-01
7.050001025199890137e-01
7.605001330375671387e-01
7.726997137069702148e-01
7.533000111579895020e-01
7.459000945091247559e-01
6.916998028755187988e-01
7.049000263214111328e-01
7.698999047279357910e-01
7.433000206947326660e-01
7.387000918388366699e-01
7.290002703666687012e-01
7.772001028060913086e-01
7.317000031471252441e-01
7.192999124526977539e-01
7.095999717712402344e-01
7.766997814178466797e-01
7.037996649742126465e-01
7.507000565528869629e-01
7.071999311447143555e-01
7.008999586105346680e-01
6.018999814987182617e-01
7.688001990318298340e-01
7.742000818252563477e-01
7.555000185966491699e-01
7.473999857902526855e-01
7.623999714851379395e-01
7.578000426292419434e-01
7.578000426292419434e-01
7.422000765800476074e-01
6.884999275207519531e-01
7.082999944686889648e-01
6.708002686500549316e-01
7.046997547149658203e-01
7.181999683380126953e-01
7.220001220703125000e-01
7.310999035835266113e-01
7.035999298095703125e-01
7.218999266624450684e-01
7.207000255584716797e-01
7.696001529693603516e-01
7.447998523712158203e-01
7.257999181747436523e-01
7.181999683380126953e-01
7.792001366615295410e-01
6.699998378753662109e-01
7.764000892639160156e-01
