1.880999952554702759e-01
3.109999895095825195e-01
2.912000715732574463e-01
3.612000346183776855e-01
3.762999773025512695e-01
3.598999679088592529e-01
5.073000192642211914e-01
4.377999901771545410e-01
4.689998626708984375e-01
4.996999502182006836e-01
5.121999382972717285e-01
5.136001110076904297e-01
5.544002056121826172e-01
5.710000991821289062e-01
5.513001084327697754e-01
5.285999774932861328e-01
5.199001431465148926e-01
6.300001740455627441e-01
6.661000847816467285e-01
6.675998568534851074e-01
6.191999912261962891e-01
5.949999094009399414e-01
6.535999774932861328e-01
6.635999083518981934e-01
6.258000731468200684e-01
6.532999277114868164e-01
7.466999888420104980e-01
7.241998314857482910e-01
7.414999604225158691e-01
7.285000085830688477e-01
6.971997618675231934e-01
7.208998799324035645e-01
7.723999023437500000e-01
7.626998424530029297e-01
7.498000860214233398e-01
6.970001459121704102e-01
7.336999773979187012e-01
7.516998052597045898e-01
7.116999030113220215e-01
7.318000197410583496e-01
6.780000329017639160e-01
7.195999622344970703e-01
7.224999070167541504e-01
7.464999556541442871e-01
7.569000124931335449e-01
7.524000406265258789e-01
7.027999162673950195e-01
7.231998443603515625e-01
7.884998917579650879e-01
7.216998934745788574e-01
7.510998249053955078e-01
7.469000220298767090e-01
6.940999627113342285e-01
7.703000903129577637e-01
7.265998721122741699e-01
7.726001143455505371e-01
7.789001464843750000e-01
7.770002484321594238e-01
7.227998971939086914e-01
7.929000854492187500e-01
7.283000946044921875e-01
7.865000367164611816e-01
7.670000195503234863e-01
7.720999717712402344e-01
7.008000016212463379e-01
7.426998615264892578e-01
7.844998836517333984e-01
7.640998363494873047e-01
7.506000399589538574e-01
7.659001350402832031e-01
7.802002429962158203e-01
7.809001207351684570e-01
7.483000159263610840e-01
7.842999100685119629e-01
8.123002052307128906e-01
7.735996842384338379e-01
7.510999441146850586e-01
7.664996981620788574e-01
7.950000166893005371e-01
7.893000841140747070e-01
7.258998751640319824e-01
7.689999938011169434e-01
7.735999226570129395e-01
7.736999988555908203e-01
7.884998917579650879e-01
8.027000427246093750e-01
7.979000806808471680e-01
7.803000807762145996e-01
7.926000952720642090e-01
8.091002106666564941e-01
7.446000576019287109e-01
8.016000390052795410e-01
8.021000027656555176e-01
8.042001128196716309e-01
7.912999987602233887e-01
7.404999732971191406e-01
8.116002082824707031e-01
7.746002078056335449e-01
7.857998013496398926e-01
7.829998135566711426e-01
