3.076000511646270752e-01
3.279999792575836182e-01
2.970999777317047119e-01
3.626000285148620605e-01
2.987000942230224609e-01
2.895001173019409180e-01
4.693999588489532471e-01
3.373000621795654297e-01
3.921999335289001465e-01
4.952000379562377930e-01
5.718000531196594238e-01
5.841000676155090332e-01
6.009000539779663086e-01
5.679000616073608398e-01
5.726999044418334961e-01
5.690001249313354492e-01
6.357001066207885742e-01
6.994999647140502930e-01
7.123000621795654297e-01
6.855998039245605469e-01
7.364001274108886719e-01
6.874999403953552246e-01
6.189999580383300781e-01
7.107999920845031738e-01
7.216000556945800781e-01
7.098999023437500000e-01
7.201998829841613770e-01
6.658999919891357422e-01
6.903999447822570801e-01
7.537999153137207031e-01
7.244998812675476074e-01
7.594001889228820801e-01
7.256001234054565430e-01
7.217999100685119629e-01
7.606000304222106934e-01
7.480000853538513184e-01
7.209998369216918945e-01
7.056998610496520996e-01
6.504999399185180664e-01
7.069998979568481445e-01
7.815999388694763184e-01
7.434999346733093262e-01
7.834000587463378906e-01
7.734001874923706055e-01
7.459999918937683105e-01
7.079001665115356445e-01
7.833001613616943359e-01
7.608001828193664551e-01
7.299000024795532227e-01
7.890000939369201660e-01
7.882999181747436523e-01
7.751998901367187500e-01
7.944998145103454590e-01
7.649001479148864746e-01
7.763001322746276855e-01
7.996001243591308594e-01
7.626001238822937012e-01
7.687999606132507324e-01
7.434000968933105469e-01
7.559000253677368164e-01
7.878999114036560059e-01
7.522000074386596680e-01
7.655996084213256836e-01
7.842000722885131836e-01
7.846996784210205078e-01
7.922000885009765625e-01
7.690002918243408203e-01
7.823999524116516113e-01
7.739998698234558105e-01
7.857001423835754395e-01
7.817999124526977539e-01
7.953000664710998535e-01
7.829998135566711426e-01
7.711001634597778320e-01
8.164997696876525879e-01
7.889000177383422852e-01
8.059999942779541016e-01
8.148999810218811035e-01
7.781999707221984863e-01
8.112999200820922852e-01
8.154000043869018555e-01
8.123997449874877930e-01
7.699998617172241211e-01
8.020997643470764160e-01
8.129002451896667480e-01
8.094999194145202637e-01
8.070999383926391602e-01
7.628999948501586914e-01
8.039999604225158691e-01
7.951998710632324219e-01
8.020000457763671875e-01
7.974000573158264160e-01
8.113998174667358398e-01
8.039002418518066406e-01
7.598001360893249512e-01
7.961001396179199219e-01
8.291997313499450684e-01
8.146997690200805664e-01
7.986000776290893555e-01
7.945001125335693359e-01
