1.142000034451484680e-01
4.668999612331390381e-01
4.878999590873718262e-01
2.530000507831573486e-01
4.545999169349670410e-01
5.187000036239624023e-01
3.698999881744384766e-01
5.685000419616699219e-01
6.447001695632934570e-01
5.078999996185302734e-01
5.912000536918640137e-01
5.194000005722045898e-01
6.003999710083007812e-01
6.087999343872070312e-01
5.201001167297363281e-01
6.916999816894531250e-01
6.003999114036560059e-01
6.658998727798461914e-01
6.434999108314514160e-01
6.740000844001770020e-01
5.853000283241271973e-01
6.948997974395751953e-01
6.374999880790710449e-01
7.228999137878417969e-01
6.983000040054321289e-01
7.305001020431518555e-01
7.139999866485595703e-01
7.065998315811157227e-01
7.051998972892761230e-01
6.570999622344970703e-01
7.690001130104064941e-01
7.684001326560974121e-01
7.025998830795288086e-01
7.766000628471374512e-01
6.907999515533447266e-01
6.446999907493591309e-01
7.345000505447387695e-01
7.522000074386596680e-01
6.662997603416442871e-01
7.421998381614685059e-01
7.650001049041748047e-01
6.826000213623046875e-01
7.076999545097351074e-01
7.468000054359436035e-01
7.225000262260437012e-01
7.560999989509582520e-01
7.921000123023986816e-01
7.090999484062194824e-01
7.344000339508056641e-01
7.294000983238220215e-01
7.689000964164733887e-01
7.682002782821655273e-01
7.687999606132507324e-01
6.497999429702758789e-01
7.489999532699584961e-01
6.944000124931335449e-01
7.544997930526733398e-01
7.932998538017272949e-01
7.518000006675720215e-01
7.866001129150390625e-01
7.006000280380249023e-01
6.819999217987060547e-01
7.773000597953796387e-01
6.677001118659973145e-01
7.082001566886901855e-01
7.314000725746154785e-01
7.361998558044433594e-01
7.526000142097473145e-01
7.682998180389404297e-01
7.369000315666198730e-01
7.708999514579772949e-01
7.995998859405517578e-01
7.441999316215515137e-01
7.756001353263854980e-01
7.664999961853027344e-01
7.816999554634094238e-01
7.806996703147888184e-01
7.276998758316040039e-01
7.280001044273376465e-01
7.428001165390014648e-01
7.427000999450683594e-01
7.599000334739685059e-01
7.541000247001647949e-01
7.277998924255371094e-01
7.842999100685119629e-01
7.051001787185668945e-01
7.885001301765441895e-01
7.397000789642333984e-01
7.599999904632568359e-01
7.315000295639038086e-01
7.830999493598937988e-01
7.324997782707214355e-01
7.844999432563781738e-01
7.528001666069030762e-01
7.619000077247619629e-01
7.859001159667968750e-01
7.669000029563903809e-01
7.651999592781066895e-01
7.868999242782592773e-01
7.940000295639038086e-01
