1.792999804019927979e-01
3.048999905586242676e-01
3.248999714851379395e-01
4.455000162124633789e-01
4.403999745845794678e-01
5.341001749038696289e-01
5.108999013900756836e-01
5.424000024795532227e-01
5.915000438690185547e-01
5.595000982284545898e-01
6.011999845504760742e-01
6.833999752998352051e-01
6.283000707626342773e-01
6.948999166488647461e-01
7.246000170707702637e-01
6.875999569892883301e-01
6.692000031471252441e-01
7.534000277519226074e-01
7.348001599311828613e-01
7.202999591827392578e-01
7.151999473571777344e-01
7.351000308990478516e-01
7.667997479438781738e-01
7.332000732421875000e-01
6.928000450134277344e-01
7.598999738693237305e-01
7.533999085426330566e-01
7.488998174667358398e-01
7.480999231338500977e-01
7.224001288414001465e-01
7.415999770164489746e-01
7.468000054359436035e-01
7.655000090599060059e-01
7.272001504898071289e-01
7.637999057769775391e-01
7.760002017021179199e-01
7.395998239517211914e-01
7.695001363754272461e-01
7.517000436782836914e-01
7.750999927520751953e-01
7.671001553535461426e-01
7.543999552726745605e-01
7.408999800682067871e-01
7.705001235008239746e-01
7.583999633789062500e-01
7.773999571800231934e-01
7.441000342369079590e-01
7.509999275207519531e-01
7.830001115798950195e-01
7.609000205993652344e-01
7.678999900817871094e-01
7.507998943328857422e-01
7.481998205184936523e-01
7.808001041412353516e-01
7.816001772880554199e-01
7.819998860359191895e-01
7.704998254776000977e-01
7.629001140594482422e-01
7.710999846458435059e-01
7.766999602317810059e-01
7.505998015403747559e-01
7.658999562263488770e-01
7.534999251365661621e-01
7.826000452041625977e-01
7.612999677658081055e-01
7.900001406669616699e-01
7.850000262260437012e-01
7.438001036643981934e-01
7.706998586654663086e-01
7.755999565124511719e-01
7.761999368667602539e-01
7.660000324249267578e-01
7.739999890327453613e-01
7.702000141143798828e-01
7.842998504638671875e-01
7.468998432159423828e-01
7.573000192642211914e-01
7.615998983383178711e-01
7.758999466896057129e-01
7.836996316909790039e-01
7.752000689506530762e-01
7.716999053955078125e-01
7.760999798774719238e-01
7.592999339103698730e-01
7.946997880935668945e-01
7.743999958038330078e-01
7.814000844955444336e-01
7.909998297691345215e-01
7.749997973442077637e-01
7.843000888824462891e-01
7.724999785423278809e-01
7.437000274658203125e-01
7.562999725341796875e-01
7.874001264572143555e-01
7.688001394271850586e-01
7.839000225067138672e-01
7.910001873970031738e-01
7.911998033523559570e-01
7.588999271392822266e-01
7.502002716064453125e-01
