3.789999485015869141e-01
4.118999540805816650e-01
3.469999432563781738e-01
3.588000237941741943e-01
6.363999843597412109e-01
4.841001629829406738e-01
5.401999950408935547e-01
5.031000971794128418e-01
5.680000782012939453e-01
4.945000708103179932e-01
5.639000535011291504e-01
4.863998293876647949e-01
5.267000794410705566e-01
5.479000210762023926e-01
6.936997771263122559e-01
6.147999763488769531e-01
6.020000576972961426e-01
6.055000424385070801e-01
6.386001110076904297e-01
6.827999949455261230e-01
5.730000138282775879e-01
6.730999946594238281e-01
5.234998464584350586e-01
5.693000555038452148e-01
6.773999929428100586e-01
7.287000417709350586e-01
6.314998865127563477e-01
5.647000670433044434e-01
6.352999210357666016e-01
6.305001974105834961e-01
5.863000154495239258e-01
6.079999804496765137e-01
7.059998512268066406e-01
6.450999379158020020e-01
6.316000223159790039e-01
6.314999461174011230e-01
6.596000790596008301e-01
5.642001032829284668e-01
6.950999498367309570e-01
7.351999878883361816e-01
5.973000526428222656e-01
7.083998918533325195e-01
6.702000498771667480e-01
6.849999427795410156e-01
6.749998331069946289e-01
6.455000042915344238e-01
6.836000084877014160e-01
7.062999606132507324e-01
7.283999919891357422e-01
7.356002330780029297e-01
7.331998944282531738e-01
7.361999750137329102e-01
6.569999456405639648e-01
7.870001196861267090e-01
7.413000464439392090e-01
6.679998636245727539e-01
7.635999917984008789e-01
7.120999097824096680e-01
7.345000505447387695e-01
7.057999968528747559e-01
6.500999331474304199e-01
7.685999870300292969e-01
6.856999993324279785e-01
7.346000075340270996e-01
7.150000929832458496e-01
7.101999521255493164e-01
6.508001685142517090e-01
6.930999159812927246e-01
6.392999887466430664e-01
7.599999308586120605e-01
6.452999711036682129e-01
5.680999159812927246e-01
6.329999566078186035e-01
7.117000818252563477e-01
8.064000010490417480e-01
6.749000549316406250e-01
7.773998975753784180e-01
7.337999939918518066e-01
6.551002264022827148e-01
7.088999748229980469e-01
7.899000048637390137e-01
7.682999372482299805e-01
7.398000955581665039e-01
8.065999746322631836e-01
6.935999989509582520e-01
7.354998588562011719e-01
6.584998369216918945e-01
6.618998646736145020e-01
7.424000501632690430e-01
7.305000424385070801e-01
7.932999134063720703e-01
7.662000060081481934e-01
7.942998409271240234e-01
7.011999487876892090e-01
7.247000932693481445e-01
7.753001451492309570e-01
7.333999872207641602e-01
7.456999421119689941e-01
8.126000165939331055e-01
7.882000207901000977e-01
