3.088000416755676270e-01
3.448000252246856689e-01
3.310000300407409668e-01
4.957000613212585449e-01
3.527001142501831055e-01
4.096000790596008301e-01
4.026998877525329590e-01
6.373000144958496094e-01
6.798999905586242676e-01
5.415999889373779297e-01
3.350000679492950439e-01
4.705999791622161865e-01
6.478001475334167480e-01
6.359999775886535645e-01
5.838000774383544922e-01
5.934000611305236816e-01
6.231998205184936523e-01
6.649000048637390137e-01
6.821998357772827148e-01
6.164000034332275391e-01
6.577998399734497070e-01
6.403999328613281250e-01
6.181000471115112305e-01
6.957999467849731445e-01
6.895999908447265625e-01
6.651000976562500000e-01
5.160999894142150879e-01
6.934000253677368164e-01
7.131999731063842773e-01
6.696001291275024414e-01
7.376998662948608398e-01
6.667999029159545898e-01
7.024000287055969238e-01
7.554001808166503906e-01
7.505999207496643066e-01
6.419999599456787109e-01
7.132999897003173828e-01
7.577999830245971680e-01
7.590999007225036621e-01
7.310001254081726074e-01
7.203000783920288086e-01
5.731999278068542480e-01
6.621999144554138184e-01
6.858000159263610840e-01
7.274000048637390137e-01
7.027999162673950195e-01
6.771999597549438477e-01
7.380998730659484863e-01
6.940999031066894531e-01
7.394999861717224121e-01
7.413999438285827637e-01
7.469002008438110352e-01
7.277000546455383301e-01
7.553002238273620605e-01
5.751000046730041504e-01
7.040999531745910645e-01
6.675000190734863281e-01
6.927001476287841797e-01
6.282000541687011719e-01
7.004999518394470215e-01
7.282998561859130859e-01
7.704996466636657715e-01
7.318000197410583496e-01
7.662999033927917480e-01
7.375001311302185059e-01
7.374001145362854004e-01
7.525002360343933105e-01
7.336998581886291504e-01
6.862999796867370605e-01
7.020001411437988281e-01
7.909998893737792969e-01
7.698001265525817871e-01
7.562000155448913574e-01
7.273998856544494629e-01
7.764002084732055664e-01
7.024000287055969238e-01
7.477999329566955566e-01
7.545000314712524414e-01
7.996000647544860840e-01
7.522000670433044434e-01
7.262998819351196289e-01
7.496000528335571289e-01
7.787001132965087891e-01
6.843000054359436035e-01
7.531000375747680664e-01
8.032001256942749023e-01
7.779998183250427246e-01
7.616000175476074219e-01
7.546000480651855469e-01
8.019000887870788574e-01
8.064998388290405273e-01
7.791998386383056641e-01
7.872998118400573730e-01
7.574997544288635254e-01
7.566001415252685547e-01
7.937000989913940430e-01
7.460998296737670898e-01
7.483002543449401855e-01
7.276999950408935547e-01
7.633001804351806641e-01
