3.320000469684600830e-01
2.961000502109527588e-01
4.768999814987182617e-01
4.061998724937438965e-01
4.601999223232269287e-01
5.400001406669616699e-01
5.507001280784606934e-01
5.898000597953796387e-01
5.298000574111938477e-01
5.693000555038452148e-01
5.633000731468200684e-01
5.677000284194946289e-01
7.132999300956726074e-01
6.631999015808105469e-01
6.123000979423522949e-01
6.369000673294067383e-01
6.016000509262084961e-01
6.544999480247497559e-01
7.421001195907592773e-01
6.187000870704650879e-01
6.397998332977294922e-01
7.576999664306640625e-01
7.113999128341674805e-01
6.325999498367309570e-01
6.565999388694763184e-01
7.243999242782592773e-01
7.311997413635253906e-01
6.657999157905578613e-01
7.561001777648925781e-01
7.126999497413635254e-01
7.417001128196716309e-01
7.387998700141906738e-01
6.981000304222106934e-01
6.719999909400939941e-01
6.112000942230224609e-01
7.444999814033508301e-01
7.770999670028686523e-01
7.125998139381408691e-01
7.538002133369445801e-01
5.962000489234924316e-01
7.577000260353088379e-01
6.814000010490417480e-01
7.298998236656188965e-01
6.290998458862304688e-01
7.344000935554504395e-01
7.242001295089721680e-01
7.376997470855712891e-01
7.746998071670532227e-01
7.787000536918640137e-01
7.920001149177551270e-01
7.267999053001403809e-01
7.657001614570617676e-01
7.727999091148376465e-01
7.811999320983886719e-01
7.097999453544616699e-01
7.481000423431396484e-01
7.207996845245361328e-01
6.853999495506286621e-01
6.332999467849731445e-01
7.639999389648437500e-01
7.758001089096069336e-01
6.886000633239746094e-01
7.711998820304870605e-01
7.668998837471008301e-01
7.767999172210693359e-01
7.712001800537109375e-01
7.138999700546264648e-01
7.831000685691833496e-01
7.456999421119689941e-01
7.778000831604003906e-01
7.776002287864685059e-01
7.805998921394348145e-01
7.575000524520874023e-01
7.715999484062194824e-01
8.046999573707580566e-01
7.949998974800109863e-01
7.944999933242797852e-01
7.759999036788940430e-01
8.041000366210937500e-01
8.169999122619628906e-01
7.742999196052551270e-01
7.629998922348022461e-01
7.714999914169311523e-01
7.428000569343566895e-01
7.119001746177673340e-01
7.907997965812683105e-01
8.065000772476196289e-01
7.744999527931213379e-01
7.679001688957214355e-01
7.930000424385070801e-01
7.214000225067138672e-01
7.033999562263488770e-01
7.237000465393066406e-01
8.167998790740966797e-01
7.717999815940856934e-01
7.960000634193420410e-01
7.341998219490051270e-01
7.868998646736145020e-01
7.649000287055969238e-01
7.148998975753784180e-01
