3.897000253200531006e-01
4.293999373912811279e-01
4.298000037670135498e-01
4.639999866485595703e-01
5.219000577926635742e-01
4.760000705718994141e-01
4.286998808383941650e-01
5.566000342369079590e-01
6.279000043869018555e-01
6.456999778747558594e-01
6.265999674797058105e-01
6.595001220703125000e-01
6.400001049041748047e-01
6.587000489234924316e-01
6.629000902175903320e-01
6.812999844551086426e-01
6.414001584053039551e-01
7.308999896049499512e-01
7.769000530242919922e-01
7.286999225616455078e-01
7.270000576972961426e-01
7.587999105453491211e-01
6.793000102043151855e-01
6.935000419616699219e-01
7.181999683380126953e-01
7.701999545097351074e-01
7.086999416351318359e-01
7.504999637603759766e-01
7.617999315261840820e-01
7.538999915122985840e-01
7.328999042510986328e-01
7.973000407218933105e-01
7.778999209403991699e-01
7.943997979164123535e-01
8.025998473167419434e-01
8.010002374649047852e-01
8.079999685287475586e-01
7.991999983787536621e-01
7.747999429702758789e-01
7.685001492500305176e-01
7.957000732421875000e-01
7.711001038551330566e-01
7.816000580787658691e-01
8.138000369071960449e-01
8.042001128196716309e-01
7.889999151229858398e-01
7.671000957489013672e-01
8.101000189781188965e-01
7.938000559806823730e-01
8.180999159812927246e-01
8.200997710227966309e-01
8.140999674797058105e-01
8.109998106956481934e-01
8.016998767852783203e-01
8.119999170303344727e-01
8.094000816345214844e-01
8.025000691413879395e-01
8.077998161315917969e-01
7.749997973442077637e-01
8.064001202583312988e-01
8.015999794006347656e-01
8.062999844551086426e-01
8.142001628875732422e-01
8.117999434471130371e-01
8.039001226425170898e-01
8.133000135421752930e-01
8.230999708175659180e-01
7.903999090194702148e-01
8.023000359535217285e-01
8.111000657081604004e-01
7.991998791694641113e-01
8.203001618385314941e-01
7.992997765541076660e-01
8.149999380111694336e-01
8.137000799179077148e-01
8.159000277519226074e-01
8.088999986648559570e-01
7.919000387191772461e-01
8.136000037193298340e-01
8.062998056411743164e-01
8.131999969482421875e-01
8.181999325752258301e-01
8.012998700141906738e-01
8.167998790740966797e-01
8.028002977371215820e-01
8.171999454498291016e-01
8.242000341415405273e-01
8.083000779151916504e-01
8.107001781463623047e-01
8.154999017715454102e-01
8.154999613761901855e-01
8.191999793052673340e-01
8.141999840736389160e-01
8.146001696586608887e-01
8.197999000549316406e-01
8.141999840736389160e-01
8.152999877929687500e-01
8.068001270294189453e-01
7.851999402046203613e-01
7.977000474929809570e-01
