2.250000387430191040e-01
2.071999907493591309e-01
2.676000595092773438e-01
4.006000757217407227e-01
4.216998815536499023e-01
3.674000203609466553e-01
3.112000226974487305e-01
4.969000220298767090e-01
4.047998785972595215e-01
4.227998852729797363e-01
4.230999350547790527e-01
5.181000232696533203e-01
4.379999637603759766e-01
4.290998876094818115e-01
5.527000427246093750e-01
5.640001296997070312e-01
6.590999364852905273e-01
6.083000302314758301e-01
6.330001354217529297e-01
6.139998435974121094e-01
5.633000731468200684e-01
5.503999590873718262e-01
4.103999435901641846e-01
4.472999274730682373e-01
5.485000014305114746e-01
6.925998926162719727e-01
7.014998793601989746e-01
6.583998799324035645e-01
5.913000106811523438e-01
5.430001020431518555e-01
6.409999132156372070e-01
5.570001006126403809e-01
5.873000621795654297e-01
5.397000312805175781e-01
6.532998681068420410e-01
6.080000400543212891e-01
5.748000741004943848e-01
5.579000711441040039e-01
5.928000211715698242e-01
6.748999953269958496e-01
5.888999104499816895e-01
5.541999936103820801e-01
6.128999590873718262e-01
5.190001130104064941e-01
6.153000593185424805e-01
5.305999517440795898e-01
6.669998764991760254e-01
6.085000634193420410e-01
6.322001218795776367e-01
7.307000756263732910e-01
7.445000410079956055e-01
6.066000461578369141e-01
7.337998747825622559e-01
5.971000194549560547e-01
6.608000993728637695e-01
6.883999705314636230e-01
6.242998242378234863e-01
6.193000078201293945e-01
7.111998796463012695e-01
7.665998935699462891e-01
6.647000312805175781e-01
6.976001262664794922e-01
6.406997442245483398e-01
6.650000810623168945e-01
6.374999880790710449e-01
7.586000561714172363e-01
5.611999630928039551e-01
5.812001228332519531e-01
6.571998000144958496e-01
7.313000559806823730e-01
7.125003337860107422e-01
7.252001166343688965e-01
7.276000976562500000e-01
6.719999909400939941e-01
6.731998920440673828e-01
6.516000628471374512e-01
7.265999317169189453e-01
7.157999277114868164e-01
5.800000429153442383e-01
7.655999064445495605e-01
6.451999545097351074e-01
7.219001054763793945e-01
7.091001868247985840e-01
6.537001132965087891e-01
7.330999970436096191e-01
6.884999871253967285e-01
7.281001806259155273e-01
7.375999689102172852e-01
7.734999656677246094e-01
6.754998564720153809e-01
6.493999361991882324e-01
7.615001797676086426e-01
7.075998783111572266e-01
7.232000827789306641e-01
7.652999758720397949e-01
6.739000082015991211e-01
6.976000070571899414e-01
6.954000592231750488e-01
7.372999787330627441e-01
7.256000638008117676e-01
