4.557000398635864258e-01
3.249001204967498779e-01
3.874999880790710449e-01
4.501999020576477051e-01
3.924000263214111328e-01
5.687000155448913574e-01
6.328999996185302734e-01
6.881999969482421875e-01
6.175000071525573730e-01
6.566998362541198730e-01
7.092999815940856934e-01
7.018001079559326172e-01
7.201000452041625977e-01
7.011997699737548828e-01
6.744000911712646484e-01
7.250999212265014648e-01
7.348000407218933105e-01
7.676002383232116699e-01
7.332999706268310547e-01
7.540999650955200195e-01
7.190998196601867676e-01
6.649000048637390137e-01
7.412000894546508789e-01
7.588998675346374512e-01
7.106998562812805176e-01
7.190999388694763184e-01
7.717000842094421387e-01
7.433998584747314453e-01
7.223998308181762695e-01
7.273998856544494629e-01
7.712998986244201660e-01
7.318998575210571289e-01
7.487998008728027344e-01
7.290000915527343750e-01
6.810998320579528809e-01
7.102999687194824219e-01
7.625999450683593750e-01
6.640000939369201660e-01
7.426002025604248047e-01
7.717001438140869141e-01
7.531000375747680664e-01
7.789999246597290039e-01
7.383000254631042480e-01
7.460001111030578613e-01
7.645998597145080566e-01
7.779999375343322754e-01
7.628999948501586914e-01
7.880000472068786621e-01
7.522999644279479980e-01
7.274001240730285645e-01
7.775001525878906250e-01
7.723999023437500000e-01
7.848998904228210449e-01
7.720999717712402344e-01
7.614998817443847656e-01
7.497999668121337891e-01
7.838001847267150879e-01
7.669000029563903809e-01
7.776000499725341797e-01
7.702000141143798828e-01
7.847000360488891602e-01
7.439998388290405273e-01
7.532000541687011719e-01
7.823000550270080566e-01
7.855998873710632324e-01
7.789999246597290039e-01
7.638001441955566406e-01
7.639999389648437500e-01
7.815998792648315430e-01
7.636999487876892090e-01
7.693001031875610352e-01
7.459999918937683105e-01
7.696999311447143555e-01
7.552999854087829590e-01
7.797001600265502930e-01
7.742998600006103516e-01
7.425000071525573730e-01
7.330000400543212891e-01
7.367000579833984375e-01
7.838999032974243164e-01
7.915998101234436035e-01
7.832000851631164551e-01
7.600998878479003906e-01
7.702000141143798828e-01
7.692001461982727051e-01
7.837001085281372070e-01
7.899000644683837891e-01
7.972998619079589844e-01
7.415999770164489746e-01
7.951000332832336426e-01
7.907000780105590820e-01
7.651001214981079102e-01
7.958000898361206055e-01
7.424000501632690430e-01
7.902000546455383301e-01
7.837999463081359863e-01
8.016000390052795410e-01
7.876002788543701172e-01
8.013998270034790039e-01
7.707999944686889648e-01
