1.902999728918075562e-01
3.607000112533569336e-01
5.404000282287597656e-01
4.829999506473541260e-01
5.760999917984008789e-01
6.090000867843627930e-01
6.424999833106994629e-01
6.521999835968017578e-01
6.891999840736389160e-01
6.935999989509582520e-01
6.802999377250671387e-01
7.240998148918151855e-01
7.241000533103942871e-01
6.988999247550964355e-01
6.730999946594238281e-01
7.164000868797302246e-01
7.490000128746032715e-01
7.578999400138854980e-01
7.770000696182250977e-01
7.899001836776733398e-01
7.677999734878540039e-01
7.641001343727111816e-01
7.778000831604003906e-01
7.960002422332763672e-01
7.891998291015625000e-01
7.721999287605285645e-01
7.720000743865966797e-01
7.955000400543212891e-01
7.670999765396118164e-01
8.001998662948608398e-01
7.972999811172485352e-01
8.053999543190002441e-01
8.016998171806335449e-01
7.982000708580017090e-01
7.865999341011047363e-01
7.995002269744873047e-01
7.876998782157897949e-01
7.777000665664672852e-01
8.052000403404235840e-01
7.909998893737792969e-01
7.875997424125671387e-01
8.037999868392944336e-01
8.034999966621398926e-01
8.032999634742736816e-01
8.144997954368591309e-01
7.859000563621520996e-01
7.944998145103454590e-01
8.201999664306640625e-01
8.179998993873596191e-01
8.062999844551086426e-01
8.164002299308776855e-01
8.211000561714172363e-01
8.092997670173645020e-01
8.039998412132263184e-01
8.137999773025512695e-01
8.179002404212951660e-01
8.109999895095825195e-01
8.131000995635986328e-01
8.075000047683715820e-01
8.137999176979064941e-01
8.176002502441406250e-01
8.162999153137207031e-01
8.108999729156494141e-01
8.045998215675354004e-01
8.087000250816345215e-01
7.963998317718505859e-01
7.904000878334045410e-01
7.940996289253234863e-01
8.225998878479003906e-01
8.066999912261962891e-01
8.107998371124267578e-01
8.241999745368957520e-01
8.097999691963195801e-01
8.174000382423400879e-01
8.090000152587890625e-01
8.093000054359436035e-01
8.228001594543457031e-01
8.129999637603759766e-01
8.263001441955566406e-01
8.112002015113830566e-01
8.139999508857727051e-01
8.123999834060668945e-01
8.024002909660339355e-01
8.031997680664062500e-01
8.113999366760253906e-01
8.105002045631408691e-01
8.202998638153076172e-01
8.247001171112060547e-01
8.309999704360961914e-01
8.196998834609985352e-01
8.145000934600830078e-01
8.190000653266906738e-01
8.201999068260192871e-01
8.282001018524169922e-01
7.986000180244445801e-01
7.838999032974243164e-01
8.292002081871032715e-01
8.250001668930053711e-01
8.268001675605773926e-01
8.145999312400817871e-01
