3.855999410152435303e-01
1.998999416828155518e-01
3.203000128269195557e-01
3.813000023365020752e-01
3.587000966072082520e-01
5.098001360893249512e-01
5.075001716613769531e-01
4.851999580860137939e-01
5.201000571250915527e-01
5.691000819206237793e-01
5.764999985694885254e-01
6.741999983787536621e-01
6.044999957084655762e-01
5.315000414848327637e-01
6.164001226425170898e-01
6.607000231742858887e-01
6.273999810218811035e-01
7.014998793601989746e-01
6.234000921249389648e-01
6.095999479293823242e-01
6.190999746322631836e-01
6.975998878479003906e-01
4.603998959064483643e-01
5.794000029563903809e-01
6.134000420570373535e-01
5.763999819755554199e-01
6.109001040458679199e-01
6.847999691963195801e-01
7.118000984191894531e-01
5.687000155448913574e-01
7.197999358177185059e-01
5.651000142097473145e-01
7.426998615264892578e-01
6.854999661445617676e-01
6.235999464988708496e-01
5.007999539375305176e-01
5.789000988006591797e-01
5.706999897956848145e-01
4.255000352859497070e-01
5.379999876022338867e-01
7.299998998641967773e-01
6.443999409675598145e-01
6.841999292373657227e-01
6.872999668121337891e-01
4.962999820709228516e-01
6.734997630119323730e-01
4.758999645709991455e-01
6.234999299049377441e-01
7.039000988006591797e-01
7.666999697685241699e-01
7.008001208305358887e-01
7.191999554634094238e-01
7.087999582290649414e-01
7.028999328613281250e-01
6.551000475883483887e-01
6.466999650001525879e-01
6.547999382019042969e-01
7.029998302459716797e-01
5.668000578880310059e-01
6.331999301910400391e-01
6.631998419761657715e-01
7.538999319076538086e-01
6.378999948501586914e-01
7.715001106262207031e-01
7.713999152183532715e-01
5.859999656677246094e-01
6.466999650001525879e-01
6.881999969482421875e-01
7.491999268531799316e-01
6.960002183914184570e-01
5.719000101089477539e-01
7.413001060485839844e-01
6.828997731208801270e-01
5.996001362800598145e-01
6.654000878334045410e-01
7.500000000000000000e-01
6.463000774383544922e-01
6.387999057769775391e-01
6.573998332023620605e-01
6.305000185966491699e-01
7.201001048088073730e-01
7.299000620841979980e-01
7.536998987197875977e-01
6.673998832702636719e-01
7.466999292373657227e-01
7.759998440742492676e-01
7.379998564720153809e-01
7.524999976158142090e-01
6.658000349998474121e-01
7.504000067710876465e-01
7.314000725746154785e-01
7.567999362945556641e-01
7.309000492095947266e-01
7.555001974105834961e-01
7.646000385284423828e-01
7.609996795654296875e-01
7.956998348236083984e-01
7.587999701499938965e-01
5.843001008033752441e-01
7.698999047279357910e-01
