2.181999534368515015e-01
3.522999882698059082e-01
4.308000504970550537e-01
3.649000227451324463e-01
3.939999043941497803e-01
4.132999777793884277e-01
4.825999736785888672e-01
4.172998666763305664e-01
5.959998965263366699e-01
5.543000698089599609e-01
5.406000018119812012e-01
6.143998503684997559e-01
5.667999386787414551e-01
5.504000186920166016e-01
5.533000230789184570e-01
6.426998972892761230e-01
7.140999436378479004e-01
6.086999773979187012e-01
6.425001621246337891e-01
6.248998641967773438e-01
5.437999367713928223e-01
6.235999464988708496e-01
4.576998949050903320e-01
5.873001217842102051e-01
6.304000020027160645e-01
6.857999563217163086e-01
6.795000433921813965e-01
7.184999585151672363e-01
5.998001694679260254e-01
5.504999756813049316e-01
5.992999076843261719e-01
6.596999168395996094e-01
7.330999970436096191e-01
7.815001010894775391e-01
7.522999048233032227e-01
7.544000148773193359e-01
6.762998700141906738e-01
6.514000892639160156e-01
7.301001548767089844e-01
7.215000391006469727e-01
7.052999734878540039e-01
6.872999668121337891e-01
6.715000271797180176e-01
7.631999254226684570e-01
6.705999970436096191e-01
6.785997748374938965e-01
5.992999672889709473e-01
6.207998991012573242e-01
6.733999848365783691e-01
5.928001403808593750e-01
5.024000406265258789e-01
6.526000499725341797e-01
6.805999875068664551e-01
7.067999243736267090e-01
7.263000011444091797e-01
7.311000823974609375e-01
7.108998894691467285e-01
7.507999539375305176e-01
7.812000513076782227e-01
6.038000583648681641e-01
6.790997982025146484e-01
7.048999071121215820e-01
7.240998744964599609e-01
6.263998746871948242e-01
6.649999022483825684e-01
6.536998748779296875e-01
5.892000198364257812e-01
5.710999369621276855e-01
6.484999656677246094e-01
6.573998928070068359e-01
7.615999579429626465e-01
6.638998985290527344e-01
7.577999830245971680e-01
7.134001851081848145e-01
7.691000103950500488e-01
7.657001018524169922e-01
6.486999988555908203e-01
7.691998481750488281e-01
6.105999946594238281e-01
7.767000794410705566e-01
7.706000804901123047e-01
7.869998812675476074e-01
6.518998742103576660e-01
7.207000255584716797e-01
7.034000158309936523e-01
7.685999870300292969e-01
7.467997670173645020e-01
6.870999932289123535e-01
6.742998361587524414e-01
7.595001459121704102e-01
7.037999629974365234e-01
6.727000474929809570e-01
7.254999279975891113e-01
7.753002643585205078e-01
7.028999328613281250e-01
7.381995916366577148e-01
7.490999698638916016e-01
7.703998684883117676e-01
7.773001790046691895e-01
7.089999318122863770e-01
