3.501000106334686279e-01
3.081000149250030518e-01
2.579000592231750488e-01
2.614000141620635986e-01
2.825000584125518799e-01
3.978000283241271973e-01
4.919999241828918457e-01
5.694000720977783203e-01
5.207999944686889648e-01
4.578999280929565430e-01
5.223999619483947754e-01
6.667998433113098145e-01
5.950000286102294922e-01
6.902999281883239746e-01
7.076998353004455566e-01
7.044000029563903809e-01
7.172998785972595215e-01
7.419998049736022949e-01
6.086999773979187012e-01
6.671000719070434570e-01
6.543001532554626465e-01
7.045999765396118164e-01
7.478999495506286621e-01
6.974999308586120605e-01
6.997998952865600586e-01
7.335997819900512695e-01
7.212998867034912109e-01
6.639998555183410645e-01
7.646999359130859375e-01
6.697998046875000000e-01
7.370000481605529785e-01
6.507000923156738281e-01
7.624999880790710449e-01
7.769001126289367676e-01
7.291000485420227051e-01
6.569000482559204102e-01
7.227000594139099121e-01
7.689001560211181641e-01
7.012999653816223145e-01
6.949001550674438477e-01
7.925999164581298828e-01
7.426999807357788086e-01
6.938998699188232422e-01
7.431000471115112305e-01
7.616999745368957520e-01
7.385999560356140137e-01
7.265999317169189453e-01
6.879999637603759766e-01
7.351000308990478516e-01
7.744001746177673340e-01
8.004000186920166016e-01
7.572997808456420898e-01
7.880001068115234375e-01
7.750003337860107422e-01
7.656000256538391113e-01
8.068999648094177246e-01
7.966001033782958984e-01
7.700001001358032227e-01
7.894000411033630371e-01
7.889000177383422852e-01
7.931000590324401855e-01
7.957999706268310547e-01
7.867000102996826172e-01
8.018001317977905273e-01
7.940999865531921387e-01
7.983999848365783691e-01
7.789000868797302246e-01
7.767999768257141113e-01
8.041000962257385254e-01
7.777998447418212891e-01
7.879000306129455566e-01
8.014998435974121094e-01
8.066000342369079590e-01
7.843000292778015137e-01
7.518999576568603516e-01
7.595001459121704102e-01
8.076999783515930176e-01
6.927999258041381836e-01
7.734999656677246094e-01
7.804998755455017090e-01
7.526000738143920898e-01
8.071998357772827148e-01
7.934998869895935059e-01
7.736999988555908203e-01
7.539000511169433594e-01
8.093999624252319336e-01
8.114000558853149414e-01
8.160998821258544922e-01
8.194999694824218750e-01
7.739001512527465820e-01
7.904000878334045410e-01
7.790001630783081055e-01
7.932999134063720703e-01
8.088000416755676270e-01
7.847000360488891602e-01
8.108997344970703125e-01
7.924998998641967773e-01
7.875998616218566895e-01
8.215000033378601074e-01
8.101000189781188965e-01
