2.456999421119689941e-01
2.784000337123870850e-01
3.769000768661499023e-01
4.422999322414398193e-01
2.731999754905700684e-01
5.263999700546264648e-01
5.072000622749328613e-01
5.179998874664306641e-01
5.163999795913696289e-01
5.171999931335449219e-01
5.019000768661499023e-01
5.500001907348632812e-01
5.407000184059143066e-01
5.744999647140502930e-01
5.511999726295471191e-01
6.567000746726989746e-01
5.830999612808227539e-01
5.418001413345336914e-01
6.101999878883361816e-01
6.237000823020935059e-01
6.075999736785888672e-01
6.212999820709228516e-01
6.351997852325439453e-01
6.652998328208923340e-01
5.373999476432800293e-01
6.396999359130859375e-01
6.907000541687011719e-01
6.745001077651977539e-01
6.470999717712402344e-01
5.955000519752502441e-01
6.944000720977783203e-01
5.530999898910522461e-01
6.963999867439270020e-01
5.949001908302307129e-01
6.162998676300048828e-01
5.601000785827636719e-01
6.844997406005859375e-01
6.683998703956604004e-01
7.075998783111572266e-01
6.256000399589538574e-01
6.203999519348144531e-01
6.776999831199645996e-01
6.556999087333679199e-01
6.964999437332153320e-01
6.843999624252319336e-01
6.650000214576721191e-01
7.008000016212463379e-01
7.272000908851623535e-01
5.709000229835510254e-01
6.816000342369079590e-01
7.098999023437500000e-01
7.228000164031982422e-01
6.529998779296875000e-01
6.627998948097229004e-01
6.611000895500183105e-01
6.764000058174133301e-01
6.690000295639038086e-01
7.175998687744140625e-01
7.386000156402587891e-01
7.141000628471374512e-01
7.418999671936035156e-01
7.297999858856201172e-01
7.076999545097351074e-01
6.743000149726867676e-01
7.126998901367187500e-01
6.392000317573547363e-01
6.566998362541198730e-01
7.134999036788940430e-01
6.910999417304992676e-01
6.441000103950500488e-01
6.584998965263366699e-01
6.846998333930969238e-01
6.674000024795532227e-01
7.099998593330383301e-01
7.369997501373291016e-01
7.236000299453735352e-01
7.181999683380126953e-01
6.931999921798706055e-01
7.464001178741455078e-01
7.147001028060913086e-01
6.577999591827392578e-01
6.795000433921813965e-01
6.859999299049377441e-01
7.283000946044921875e-01
7.455000877380371094e-01
7.174999117851257324e-01
7.194999456405639648e-01
7.060999870300292969e-01
7.363000512123107910e-01
7.425001263618469238e-01
7.447998523712158203e-01
7.247999310493469238e-01
7.201000452041625977e-01
7.198000550270080566e-01
6.681000590324401855e-01
7.479999065399169922e-01
6.542001366615295410e-01
7.353998422622680664e-01
7.687999606132507324e-01
6.822000741958618164e-01
