0.15269998
0.18259998
0.20749994
0.21769993
0.19519994
0.24109997
0.22209989
0.2762
0.32219997
0.31790003
0.3967999
0.376
0.41019988
0.39219996
0.40889993
0.3912
0.3813
0.4253999
0.4321999
0.42139998
0.38690007
0.45940003
0.47090006
0.42090002
0.42149994
0.42499986
0.44320002
0.45169994
0.49970007
0.5008
0.43899986
0.49409992
0.4931999
0.48799995
0.47610006
0.45299998
0.46829996
0.51529986
0.50139993
0.49640003
0.49769992
0.45159996
0.47010002
0.5104999
0.47709998
0.45339993
0.46829987
0.5122001
0.5468
0.54840004
0.5432999
0.53019994
0.49669987
0.5221999
0.54419994
0.54809994
0.5212999
0.47649997
0.5524
0.5489
0.5307
0.5214999
0.5358
0.53470004
0.5393999
0.5328999
0.5495
0.53349996
0.5472
0.52879995
0.5132
0.5310001
0.56390005
0.5203999
0.55100006
0.5476999
0.5059
0.5492
0.56379986
0.5552
0.55340004
0.55160004
0.5429
0.51060003
0.50129986
0.56020004
0.5541
0.52450013
0.53629994
0.5439001
0.5642
0.56859994
0.56589997
0.5575
0.5276
0.5612
0.5650998
0.5762
0.5523
0.55389994