0.14499998
0.1625
0.16249996
0.20619993
0.20819992
0.25289997
0.22499996
0.29199994
0.31230003
0.35900006
0.33240008
0.33510005
0.38240004
0.39470005
0.41649997
0.41969994
0.3996999
0.42049998
0.43749994
0.4376999
0.43680003
0.45829996
0.4669999
0.45539984
0.4504999
0.48639983
0.45939997
0.48519996
0.49449995
0.4959999
0.49260005
0.5025
0.5309
0.5071001
0.5536001
0.5109999
0.5279
0.54140013
0.50289994
0.5163999
0.5547001
0.5432
0.5314001
0.5351
0.55470014
0.54069996
0.5632001
0.5608
0.55550003
0.5723001
0.5403001
0.54510015
0.5799001
0.5668001
0.5271999
0.5518001
0.5594999
0.5466
0.53259987
0.5677999
0.5575
0.53879994
0.57640004
0.5555998
0.5759
0.5565
0.5728001
0.5627998
0.5635
0.5548
0.5525999
0.5887001
0.59189993
0.5622
0.57549995
0.5714
0.574
0.5813
0.56170005
0.5791001
0.54929996
0.5805
0.5849999
0.5731001
0.5662002
0.5457
0.5516
0.5745999
0.57140005
0.5976
0.58129996
0.58320004
0.5916001
0.58080006
0.5934001
0.5863001
0.58220005
0.5921
0.5860999
0.5436