0.15089999
0.1455
0.20429994
0.22009993
0.22889999
0.25160003
0.28710002
0.34780002
0.27369994
0.28739998
0.3731
0.41739997
0.37519994
0.38829994
0.42779994
0.36099997
0.33150005
0.46020004
0.41369998
0.4225998
0.43540013
0.47780004
0.4769
0.42219996
0.5166
0.5092001
0.45059997
0.44950002
0.47099993
0.47699997
0.52229995
0.51019984
0.5247
0.51550007
0.49769992
0.5183
0.4776
0.42769992
0.5242
0.5075
0.5013001
0.47859997
0.5304
0.49330005
0.5323999
0.52439994
0.49420005
0.55950004
0.53429985
0.51079994
0.5393999
0.5118
0.5642001
0.5562999
0.55589984
0.5534999
0.5492
0.57420003
0.521
0.5324
0.5535
0.5301
0.56789994
0.5651998
0.54199994
0.5215
0.54339993
0.5377
0.5251
0.5370001
0.5653001
0.5426001
0.5437
0.5578001
0.56089995
0.5507
0.54650015
0.5657
0.5454
0.5590002
0.5642
0.56810004
0.5616999
0.5382001
0.54620004
0.5410999
0.53249997
0.54710004
0.5348001
0.52880013
0.5367
0.55509994
0.55770004
0.5445
0.5524
0.5578
0.53860005
0.5531001
0.5234999
0.5338