0.14680001
0.14280002
0.19139999
0.26760003
0.3203
0.3188
0.3413
0.32249996
0.34819996
0.3447999
0.37120008
0.36860004
0.37520015
0.3948999
0.42839998
0.42539996
0.42439994
0.43129992
0.43909988
0.4547
0.44759983
0.45929995
0.4786999
0.48960003
0.48109987
0.48200002
0.4929999
0.4997
0.5046999
0.5045999
0.5132
0.50329995
0.5177
0.50759995
0.50619996
0.5183
0.5186999
0.5282
0.5405
0.5330001
0.53659993
0.52470005
0.5447
0.5341999
0.54960006
0.5527
0.5392999
0.5397
0.5369
0.54199994
0.5541001
0.5573
0.5413001
0.548
0.55090016
0.5554001
0.55670005
0.5587
0.55840015
0.56969994
0.56259996
0.5603001
0.5437
0.5677
0.5558001
0.549
0.55770004
0.55720025
0.54950005
0.55909985
0.5565
0.5553999
0.5634
0.5528001
0.5572
0.5595001
0.55859995
0.56750005
0.55540025
0.56870013
0.5680001
0.56070006
0.56750005
0.56899995
0.5665001
0.5643
0.56310016
0.5677001
0.57089996
0.56710005
0.5517
0.5743002
0.5669001
0.5586999
0.5677
0.5638
0.55149996
0.5558001
0.5655001
0.5692999