0.151
0.1295
0.1927
0.23519997
0.2764
0.33119997
0.3091
0.273
0.302
0.36620006
0.37260002
0.38150004
0.33389995
0.41850007
0.3868
0.40200007
0.40939993
0.37180004
0.41839984
0.41659996
0.4700999
0.47399992
0.44599986
0.49289995
0.48509997
0.44819984
0.48049974
0.46439993
0.48389995
0.49230003
0.51030004
0.51760006
0.4986999
0.52429986
0.5219001
0.5317
0.52239996
0.5363001
0.5326998
0.52859986
0.5272
0.5623001
0.5389
0.54989994
0.5383
0.5113999
0.5447999
0.54370004
0.50799996
0.5539
0.54199994
0.5404999
0.55840015
0.5441
0.5618
0.54920006
0.54580003
0.5525
0.5609
0.5486002
0.54230005
0.55170006
0.5554
0.5605
0.57760006
0.5468
0.56949997
0.56380004
0.5482
0.56900007
0.5483
0.57930005
0.5658999
0.57209986
0.57669985
0.57629997
0.56769997
0.5746001
0.58010006
0.5638
0.5596
0.5754001
0.57
0.56789994
0.5871
0.5670999
0.5579
0.5685
0.55769986
0.55280006
0.57610005
0.5755999
0.5636
0.5738
0.57250005
0.5782001
0.5653001
0.5653
0.5744002
0.5692