0.15779997
0.18959999
0.24040005
0.31360006
0.31160006
0.32000008
0.31820005
0.38070005
0.39910007
0.4096
0.40419993
0.3836
0.39949983
0.41909996
0.42290008
0.45149994
0.4560001
0.4641999
0.47089988
0.4817
0.46479988
0.49579993
0.5006998
0.49770007
0.50879997
0.48840004
0.5132
0.50439996
0.52570003
0.52470005
0.52979994
0.5310001
0.5191999
0.52250004
0.53350013
0.52479994
0.5393001
0.52999985
0.5369999
0.5422999
0.55410004
0.5411
0.54550016
0.5634001
0.5478999
0.5557999
0.5611
0.56050014
0.5535999
0.5534
0.5563
0.5643
0.55500007
0.5617001
0.56049997
0.5634999
0.55029994
0.5650001
0.5618
0.5617
0.56289995
0.57019997
0.57200015
0.56580013
0.5618999
0.56270003
0.5624
0.5666999
0.56769997
0.56290007
0.57329994
0.5729
0.57089996
0.5623
0.57359993
0.57140005
0.5692
0.57369995
0.56739986
0.5707001
0.56439996
0.55889994
0.57430005
0.5701
0.57240003
0.5723999
0.56710005
0.5743001
0.5724001
0.56859994
0.56870013
0.5639
0.5730001
0.577
0.5732
0.5737
0.5712999
0.5702002
0.5705001
0.58210003