0.1452
0.1574
0.2058
0.16399996
0.20639998
0.17559993
0.23319995
0.23089997
0.2786
0.29270008
0.2356
0.32459995
0.30470014
0.33569998
0.28890002
0.37520003
0.35399997
0.37080005
0.39760005
0.31209993
0.37060001
0.36600012
0.35200003
0.408
0.43709987
0.3491
0.40839994
0.40349993
0.44499987
0.44219998
0.39790002
0.3912998
0.4140999
0.4689
0.5017998
0.5046
0.4876
0.45679986
0.46120003
0.46899992
0.46130005
0.47709984
0.4826
0.4528
0.5263001
0.5144
0.47599998
0.5192
0.47549996
0.50030005
0.5234
0.52759993
0.47179994
0.51710016
0.52560014
0.5264
0.5027999
0.52070004
0.48840007
0.4860998
0.51580006
0.5419
0.518
0.5379999
0.5356
0.50709987
0.5234001
0.54779994
0.46789992
0.5187999
0.5174
0.5399999
0.53859997
0.50499994
0.5229999
0.45379993
0.54950005
0.53139997
0.52030003
0.51610005
0.5237
0.52119994
0.55720013
0.53499997
0.53919995
0.5063999
0.5613
0.5012999
0.54140013
0.5135001
0.56120014
0.54580003
0.5453
0.50200015
0.53889996
0.54230005
0.5357001
0.53079987
0.5187
0.52019995