0.14919999
0.20529991
0.13599999
0.18279998
0.21499994
0.2018999
0.17539997
0.29060006
0.30980006
0.34590012
0.36969995
0.25909996
0.2565999
0.30310002
0.36460003
0.28880003
0.25129998
0.33240005
0.32540008
0.39510003
0.4347999
0.3734
0.33639997
0.39330006
0.42849994
0.4122999
0.4048999
0.44289988
0.3838
0.43329996
0.441
0.4104
0.37530002
0.4429999
0.41709998
0.44359985
0.3993999
0.4929001
0.4484999
0.5183
0.5191002
0.4748999
0.43760002
0.436
0.4056999
0.4695
0.3835
0.49930003
0.5118999
0.49439996
0.52150005
0.5343
0.52669996
0.52599996
0.5219
0.52
0.52360004
0.53779995
0.5324
0.4788999
0.5507
0.4211
0.55889994
0.54659986
0.41879994
0.53569996
0.50569993
0.4806001
0.5462
0.5142
0.5229998
0.5070999
0.4753
0.54089993
0.5343
0.5166001
0.51819986
0.5052001
0.49889994
0.5579
0.54010004
0.5403001
0.5328001
0.45599982
0.52029985
0.54760015
0.50820005
0.5212
0.54069996
0.5598999
0.5262999
0.43629992
0.51329994
0.52840006
0.5443
0.5216
0.54279995
0.50869983
0.49699983
0.45679983