0.15729995
0.23329997
0.1715
0.20649998
0.24099994
0.2288999
0.20949993
0.23929992
0.32480007
0.32610005
0.24930003
0.30760005
0.2874
0.3102001
0.34720007
0.42029986
0.3274
0.3332001
0.39409995
0.4114001
0.38039997
0.43440008
0.43889987
0.45400006
0.40719998
0.44179997
0.46369988
0.45299986
0.39259997
0.44949988
0.45949998
0.5246
0.46249995
0.5373
0.5505
0.5498999
0.51599985
0.50299984
0.5394001
0.48830017
0.41339985
0.4249
0.49780002
0.48519996
0.45899996
0.53489995
0.39779994
0.5654001
0.51229995
0.49950007
0.45429984
0.57240003
0.54489994
0.5447999
0.48659986
0.5347998
0.56929994
0.5554001
0.54370004
0.5169
0.52759993
0.55770004
0.5567
0.5503003
0.5498999
0.55160004
0.57129997
0.57330006
0.5898
0.5699
0.56769997
0.5403999
0.54889995
0.48369995
0.5562
0.5454
0.5336999
0.56579995
0.5645
0.5706
0.53959996
0.51010007
0.5738999
0.57980007
0.5605
0.5824
0.50430006
0.58410007
0.5846
0.5616001
0.56229997
0.5738001
0.4805
0.5627
0.59950006
0.59220016
0.58820003
0.5705999
0.56080014
0.54359996