0.117400005
0.105100006
0.10010002
0.1445
0.10210003
0.23169996
0.18509996
0.25089997
0.28719994
0.24989994
0.21909994
0.24579996
0.33320004
0.31910002
0.32250002
0.31750003
0.35489997
0.34320003
0.4156001
0.31180006
0.33800003
0.3851
0.4021001
0.43339992
0.4106
0.37009996
0.39069992
0.36370003
0.4089001
0.44089997
0.38059992
0.42109996
0.447
0.4880999
0.39059985
0.41989997
0.48479986
0.49120012
0.39389995
0.41989997
0.42359993
0.43629986
0.49829993
0.4782
0.51019996
0.48819995
0.497
0.5046998
0.4054
0.42589986
0.38910002
0.45389986
0.41939998
0.49550006
0.51449996
0.5086998
0.53670007
0.51040006
0.4913
0.51500016
0.4975
0.45579994
0.43560007
0.42699993
0.5330001
0.44669995
0.5166
0.44019985
0.47179988
0.5086999
0.53970003
0.42189994
0.5281001
0.51140004
0.48279998
0.44259998
0.48499984
0.50409997
0.51539993
0.5378999
0.5332999
0.5253
0.49989992
0.5223002
0.53380007
0.48249993
0.52469987
0.50589985
0.5253
0.49739987
0.53810006
0.53399986
0.5218
0.52709997
0.509
0.47000006
0.5243001
0.48969996
0.5667001
0.44739997