0.14799997
0.19339998
0.25570002
0.26650006
0.30470005
0.34640005
0.357
0.4057
0.39409986
0.41019988
0.4403999
0.46119994
0.46120003
0.46779978
0.46159998
0.48589996
0.47900003
0.49289995
0.49939993
0.51319987
0.51469994
0.5142999
0.5162998
0.5152
0.5263
0.5297999
0.54389983
0.52489996
0.5409002
0.55299985
0.54780006
0.5553
0.5589
0.55289996
0.5659001
0.5601001
0.55979997
0.5658
0.56960005
0.5726999
0.573
0.58209985
0.5798
0.5800001
0.5729999
0.5729
0.57470006
0.57179993
0.5808
0.57400006
0.5731001
0.57689995
0.5817001
0.5792
0.57680005
0.5864
0.5916
0.5784999
0.5925
0.5838
0.58930016
0.5847999
0.58540004
0.5897001
0.58270013
0.58140004
0.57299995
0.5753
0.57960004
0.5766
0.58610004
0.57790005
0.5821999
0.594
0.58889997
0.59290016
0.5933001
0.5876001
0.5891999
0.5887
0.5910999
0.5924
0.59299994
0.59830016
0.5869
0.58949995
0.59940004
0.5886
0.5906001
0.5723001
0.58850014
0.58100003
0.5944001
0.58640003
0.5935
0.58809996
0.5957
0.5853001
0.5882001
0.5861001