8.641000986099243164e-01
9.052999019622802734e-01
9.187002778053283691e-01
9.267000555992126465e-01
9.338999390602111816e-01
9.384999871253967285e-01
9.428001642227172852e-01
9.474002122879028320e-01
9.512997269630432129e-01
9.535998702049255371e-01
9.568999409675598145e-01
9.578998684883117676e-01
9.593998789787292480e-01
9.606996774673461914e-01
9.626997113227844238e-01
9.633996486663818359e-01
9.653999209403991699e-01
9.670998454093933105e-01
9.678998589515686035e-01
9.692999124526977539e-01
9.699998497962951660e-01
9.717000722885131836e-01
9.718000292778015137e-01
9.725998640060424805e-01
9.726999402046203613e-01
9.733000397682189941e-01
9.736000895500183105e-01
9.738999009132385254e-01
9.741998910903930664e-01
9.742000699043273926e-01
9.747000336647033691e-01
9.749000072479248047e-01
9.751999378204345703e-01
9.751001000404357910e-01
9.751001000404357910e-01
9.755001068115234375e-01
9.752000570297241211e-01
9.757000207901000977e-01
9.761000871658325195e-01
9.765999317169189453e-01
9.765000939369201660e-01
9.763001203536987305e-01
9.767000675201416016e-01
9.765000939369201660e-01
9.768001437187194824e-01
9.768000841140747070e-01
9.769001007080078125e-01
9.765001535415649414e-01
9.773001074790954590e-01
9.772000908851623535e-01
