8.690000176429748535e-01
9.000998735427856445e-01
9.145002961158752441e-01
9.219000339508056641e-01
9.308999776840209961e-01
9.388999938964843750e-01
9.419000744819641113e-01
9.454000592231750488e-01
9.493001699447631836e-01
9.512000083923339844e-01
9.537999629974365234e-01
9.562999010086059570e-01
9.581996798515319824e-01
9.604998230934143066e-01
9.617996215820312500e-01
9.629998803138732910e-01
9.643998146057128906e-01
9.655998945236206055e-01
9.670997858047485352e-01
9.674998521804809570e-01
9.684000611305236816e-01
9.688999652862548828e-01
9.688000679016113281e-01
9.711000323295593262e-01
9.713003039360046387e-01
9.717001318931579590e-01
9.721001386642456055e-01
9.730001091957092285e-01
9.733001589775085449e-01
9.737001061439514160e-01
9.738003015518188477e-01
9.746001958847045898e-01
9.747002124786376953e-01
9.744001626968383789e-01
9.753000736236572266e-01
9.753001332283020020e-01
9.746001362800598145e-01
9.759998917579650879e-01
9.764000773429870605e-01
9.760001897811889648e-01
9.767999053001403809e-01
9.767000675201416016e-01
9.772001504898071289e-01
9.766000509262084961e-01
9.771001935005187988e-01
9.773001074790954590e-01
9.779000282287597656e-01
9.779999256134033203e-01
9.768000841140747070e-01
9.780000448226928711e-01
9.778000116348266602e-01
