8.753000497817993164e-01
9.045999050140380859e-01
9.173001050949096680e-01
9.239999651908874512e-01
9.301000237464904785e-01
9.354999661445617676e-01
9.416999220848083496e-01
9.457000494003295898e-01
9.508999586105346680e-01
9.523998498916625977e-01
9.557999968528747559e-01
9.582999348640441895e-01
9.597001075744628906e-01
9.614999890327453613e-01
9.630998373031616211e-01
9.645999073982238770e-01
9.658000469207763672e-01
9.668998718261718750e-01
9.680999517440795898e-01
9.683000445365905762e-01
9.689998030662536621e-01
9.700998663902282715e-01
9.711999297142028809e-01
9.714999198913574219e-01
9.715000987052917480e-01
9.722998738288879395e-01
9.724998474121093750e-01
9.729001522064208984e-01
9.734998345375061035e-01
9.731998443603515625e-01
9.743000268936157227e-01
9.745000600814819336e-01
9.752998948097229004e-01
9.751001000404357910e-01
9.753000140190124512e-01
9.750000238418579102e-01
9.754999279975891113e-01
9.760999083518981934e-01
9.767000079154968262e-01
9.765000343322753906e-01
9.767000079154968262e-01
9.765000343322753906e-01
9.761000871658325195e-01
9.764001369476318359e-01
9.764000773429870605e-01
9.767000675201416016e-01
9.770001173019409180e-01
9.772000908851623535e-01
9.767000079154968262e-01
9.776000380516052246e-01
