8.772000074386596680e-01
9.051001667976379395e-01
9.169999957084655762e-01
9.239000082015991211e-01
9.292000532150268555e-01
9.361000657081604004e-01
9.408999681472778320e-01
9.444000124931335449e-01
9.475000500679016113e-01
9.521000385284423828e-01
9.538999199867248535e-01
9.565998315811157227e-01
9.589998126029968262e-01
9.601998329162597656e-01
9.609998464584350586e-01
9.633998870849609375e-01
9.645999073982238770e-01
9.653999805450439453e-01
9.668998122215270996e-01
9.678999185562133789e-01
9.682001471519470215e-01
9.688999652862548828e-01
9.696000814437866211e-01
9.699000716209411621e-01
9.707000255584716797e-01
9.719000458717346191e-01
9.717000722885131836e-01
9.723000526428222656e-01
9.729001522064208984e-01
9.731000661849975586e-01
9.729000926017761230e-01
9.734998941421508789e-01
9.743000268936157227e-01
9.744998812675476074e-01
9.743000268936157227e-01
9.741000533103942871e-01
9.745998978614807129e-01
9.750000238418579102e-01
9.757000207901000977e-01
9.751998782157897949e-01
9.749999046325683594e-01
9.760999083518981934e-01
9.757000207901000977e-01
9.756000041961669922e-01
9.758999347686767578e-01
9.757999181747436523e-01
9.760000109672546387e-01
9.758999347686767578e-01
9.760000109672546387e-01
9.763000607490539551e-01
