3.158000707626342773e-01
3.001000285148620605e-01
2.694999873638153076e-01
4.023001194000244141e-01
3.831000030040740967e-01
6.401001214981079102e-01
4.881000220775604248e-01
5.359000563621520996e-01
5.069000124931335449e-01
5.738999843597412109e-01
5.655000805854797363e-01
6.596000790596008301e-01
5.339000821113586426e-01
5.283001065254211426e-01
5.283001065254211426e-01
6.908999085426330566e-01
6.625000238418579102e-01
6.826002001762390137e-01
6.807000637054443359e-01
6.842999458312988281e-01
7.294999957084655762e-01
7.124999761581420898e-01
7.032001614570617676e-01
6.536999344825744629e-01
6.962999701499938965e-01
7.292000651359558105e-01
7.239000797271728516e-01
7.449000477790832520e-01
7.311998605728149414e-01
6.921999454498291016e-01
7.102000713348388672e-01
7.123999595642089844e-01
7.259998321533203125e-01
7.081999182701110840e-01
6.865000128746032715e-01
6.743999719619750977e-01
6.912001967430114746e-01
6.744999885559082031e-01
5.845000147819519043e-01
6.767998337745666504e-01
7.367000579833984375e-01
7.012999653816223145e-01
7.191999554634094238e-01
7.189000844955444336e-01
7.330001592636108398e-01
7.592999935150146484e-01
7.231001257896423340e-01
7.604001760482788086e-01
7.567999958992004395e-01
7.619999051094055176e-01
6.820998191833496094e-01
6.794999837875366211e-01
7.225998640060424805e-01
7.247000336647033691e-01
7.104001045227050781e-01
7.707999944686889648e-01
7.505000233650207520e-01
7.749999165534973145e-01
6.948999762535095215e-01
6.882999539375305176e-01
7.630000114440917969e-01
7.824001312255859375e-01
7.682000994682312012e-01
7.374000549316406250e-01
7.221000790596008301e-01
7.565999627113342285e-01
6.827999949455261230e-01
7.601997852325439453e-01
7.590000629425048828e-01
7.333999872207641602e-01
7.461000084877014160e-01
7.273000478744506836e-01
7.257000207901000977e-01
6.751000881195068359e-01
7.539000511169433594e-01
7.314000725746154785e-01
7.659000158309936523e-01
6.919999718666076660e-01
7.041998505592346191e-01
6.760998368263244629e-01
7.852998375892639160e-01
7.213001847267150879e-01
7.619001269340515137e-01
6.736000776290893555e-01
7.318000793457031250e-01
7.443000674247741699e-01
7.145999073982238770e-01
7.466999888420104980e-01
7.327998876571655273e-01
7.612999081611633301e-01
7.848001718521118164e-01
7.718001008033752441e-01
7.719001173973083496e-01
7.663000226020812988e-01
7.118999958038330078e-01
7.579000592231750488e-01
7.713999748229980469e-01
7.787001132965087891e-01
7.366000413894653320e-01
7.390000820159912109e-01
