3.196000754833221436e-01
1.532999724149703979e-01
1.474000215530395508e-01
2.908999919891357422e-01
3.174000680446624756e-01
3.029000759124755859e-01
4.781999289989471436e-01
3.485000133514404297e-01
4.534998834133148193e-01
4.410000145435333252e-01
5.982000231742858887e-01
5.046999454498291016e-01
5.855000019073486328e-01
6.225999593734741211e-01
5.636001229286193848e-01
5.414000153541564941e-01
6.747998595237731934e-01
6.295999288558959961e-01
5.349000692367553711e-01
5.571999549865722656e-01
4.676000177860260010e-01
4.657000601291656494e-01
5.173001289367675781e-01
5.566999316215515137e-01
4.831999242305755615e-01
5.163999795913696289e-01
6.848999857902526855e-01
5.888999700546264648e-01
7.298001050949096680e-01
7.324000000953674316e-01
6.847000122070312500e-01
6.493000984191894531e-01
6.750000715255737305e-01
7.699002027511596680e-01
6.744997501373291016e-01
7.069999575614929199e-01
7.158001661300659180e-01
7.715998291969299316e-01
6.608998179435729980e-01
7.222999334335327148e-01
7.374002337455749512e-01
7.183999419212341309e-01
6.895999312400817871e-01
6.822998523712158203e-01
7.026000022888183594e-01
6.195999383926391602e-01
7.378000617027282715e-01
6.414998769760131836e-01
7.233000397682189941e-01
6.410000324249267578e-01
7.034999132156372070e-01
7.463999390602111816e-01
6.343999505043029785e-01
7.021999359130859375e-01
7.484000325202941895e-01
7.412000298500061035e-01
7.340999841690063477e-01
6.587000489234924316e-01
6.753000020980834961e-01
7.476999759674072266e-01
7.114998698234558105e-01
7.666001319885253906e-01
7.582998871803283691e-01
7.440999746322631836e-01
7.541000843048095703e-01
7.773999571800231934e-01
7.462000846862792969e-01
6.280001401901245117e-01
7.214000225067138672e-01
7.468000054359436035e-01
7.430000305175781250e-01
7.257998585700988770e-01
7.597999572753906250e-01
7.389000058174133301e-01
7.383998632431030273e-01
7.099000811576843262e-01
6.704999804496765137e-01
6.808998584747314453e-01
7.807999253273010254e-01
7.355998158454895020e-01
7.826002240180969238e-01
7.510000467300415039e-01
6.585996747016906738e-01
6.058999896049499512e-01
7.862998843193054199e-01
7.728999853134155273e-01
7.212999463081359863e-01
8.019999861717224121e-01
7.712000012397766113e-01
7.893999218940734863e-01
6.665000319480895996e-01
7.736002206802368164e-01
7.076998949050903320e-01
7.315000891685485840e-01
7.297000288963317871e-01
7.196001410484313965e-01
6.698000431060791016e-01
6.050000786781311035e-01
6.799000501632690430e-01
7.517999410629272461e-01
