2.350999265909194946e-01
1.999999582767486572e-01
4.259999990463256836e-01
4.041999578475952148e-01
4.000000059604644775e-01
4.175999760627746582e-01
4.605000019073486328e-01
4.194000363349914551e-01
5.130001306533813477e-01
6.300000548362731934e-01
7.213001847267150879e-01
7.009999752044677734e-01
6.164001226425170898e-01
6.128000020980834961e-01
6.991999149322509766e-01
5.137000083923339844e-01
7.258999347686767578e-01
5.787000060081481934e-01
7.300999164581298828e-01
6.840997934341430664e-01
7.666999101638793945e-01
6.919999718666076660e-01
6.815998554229736328e-01
7.067999839782714844e-01
6.645001769065856934e-01
6.696001291275024414e-01
7.585999369621276855e-01
7.523000836372375488e-01
6.587001085281372070e-01
7.616998553276062012e-01
7.002000212669372559e-01
6.761000156402587891e-01
7.851000428199768066e-01
6.454999446868896484e-01
7.141000628471374512e-01
7.037999629974365234e-01
7.283000349998474121e-01
7.347001433372497559e-01
7.348998188972473145e-01
7.352002859115600586e-01
7.731999158859252930e-01
7.078000903129577637e-01
7.261001467704772949e-01
7.447999715805053711e-01
7.649999260902404785e-01
7.650999426841735840e-01
7.808001041412353516e-01
7.541999220848083496e-01
7.076001763343811035e-01
7.470000386238098145e-01
7.458000183105468750e-01
7.215000391006469727e-01
7.158000469207763672e-01
7.640001177787780762e-01
7.640999555587768555e-01
7.576997280120849609e-01
7.085000872611999512e-01
7.110999822616577148e-01
7.087000012397766113e-01
7.705998420715332031e-01
7.575000524520874023e-01
7.394000291824340820e-01
7.831000685691833496e-01
7.636998891830444336e-01
7.709001302719116211e-01
7.651999592781066895e-01
7.469999790191650391e-01
7.485000491142272949e-01
7.552000284194946289e-01
7.925998568534851074e-01
7.764999270439147949e-01
7.341998815536499023e-01
7.736999392509460449e-01
7.703998684883117676e-01
7.872000932693481445e-01
7.759000658988952637e-01
7.632998824119567871e-01
7.841998338699340820e-01
7.880000472068786621e-01
7.552999258041381836e-01
7.752000689506530762e-01
7.110999822616577148e-01
7.394998669624328613e-01
7.580999732017517090e-01
8.019001483917236328e-01
7.776000499725341797e-01
7.781000733375549316e-01
7.264999151229858398e-01
7.504999041557312012e-01
7.349000573158264160e-01
7.633999586105346680e-01
7.746001482009887695e-01
7.424000501632690430e-01
7.602999210357666016e-01
7.962999939918518066e-01
7.445996999740600586e-01
7.601001262664794922e-01
7.563999891281127930e-01
7.460998296737670898e-01
7.412999868392944336e-01
