 1.389000117778778076e-01
1.904999166727066040e-01
2.547999918460845947e-01
2.937000691890716553e-01
3.184000849723815918e-01
3.335000574588775635e-01
3.409999608993530273e-01
3.503001034259796143e-01
3.607999682426452637e-01
3.695999383926391602e-01
3.785000145435333252e-01
3.895000219345092773e-01
3.931000232696533203e-01
4.005000591278076172e-01
4.143999814987182617e-01
4.233998954296112061e-01
4.281998872756958008e-01
4.341998696327209473e-01
4.386998713016510010e-01
4.518999457359313965e-01
4.611000120639801025e-01
4.668998718261718750e-01
4.756998717784881592e-01
4.738998711109161377e-01
4.774000048637390137e-01
4.829999506473541260e-01
4.906998872756958008e-01
4.915999472141265869e-01
4.937998950481414795e-01
4.969000220298767090e-01
5.059000253677368164e-01
5.055000782012939453e-01
5.105001330375671387e-01
5.148000121116638184e-01
5.215001106262207031e-01
5.210000276565551758e-01
5.186001062393188477e-01
5.202999711036682129e-01
5.236999988555908203e-01
5.233000516891479492e-01
5.293999910354614258e-01
5.350999832153320312e-01
5.335000753402709961e-01
5.361001491546630859e-01
5.372000336647033691e-01
5.349001884460449219e-01
5.405000448226928711e-01
5.452000498771667480e-01
5.380999445915222168e-01
5.454001426696777344e-01
5.451999902725219727e-01
5.456999540328979492e-01
5.429999828338623047e-01
5.514000058174133301e-01
5.432000756263732910e-01
5.530998706817626953e-01
5.455999970436096191e-01
5.510001182556152344e-01
5.462000370025634766e-01
5.555000305175781250e-01
5.461999773979187012e-01
5.573000907897949219e-01
5.523000955581665039e-01
5.486000180244445801e-01
5.583000183105468750e-01
5.545999407768249512e-01
5.546000599861145020e-01
5.581000447273254395e-01
5.629000663757324219e-01
5.565001368522644043e-01
5.609998106956481934e-01
5.575000643730163574e-01
5.586001873016357422e-01
5.610999464988708496e-01
5.637000799179077148e-01
5.609000921249389648e-01
5.664002299308776855e-01
5.621001124382019043e-01
5.620999336242675781e-01
5.651000738143920898e-01
5.660999417304992676e-01
5.620001554489135742e-01
5.605999231338500977e-01
5.703999996185302734e-01
5.642000436782836914e-01
5.647001266479492188e-01
5.583999752998352051e-01
5.680999755859375000e-01
5.683000683784484863e-01
5.669001340866088867e-01
5.674000382423400879e-01
5.702000260353088379e-01
5.743999481201171875e-01
5.652999281883239746e-01
5.596000552177429199e-01
5.699999332427978516e-01
5.733000040054321289e-01
5.679001808166503906e-01
5.677999854087829590e-01
5.747000575065612793e-01
