1.031999960541725159e-01
1.703999489545822144e-01
2.094999551773071289e-01
2.556999623775482178e-01
3.015000820159912109e-01
3.436000943183898926e-01
3.676000535488128662e-01
3.819999694824218750e-01
3.918999135494232178e-01
4.011998772621154785e-01
4.131999611854553223e-01
4.222998917102813721e-01
4.290000200271606445e-01
4.357999861240386963e-01
4.419999420642852783e-01
4.443999230861663818e-01
4.503999650478363037e-01
4.587999582290649414e-01
4.597000181674957275e-01
4.610000550746917725e-01
4.616000652313232422e-01
4.637999832630157471e-01
4.645999968051910400e-01
4.653998315334320068e-01
4.650000035762786865e-01
4.661999940872192383e-01
4.688000082969665527e-01
4.644999802112579346e-01
4.674999713897705078e-01
4.668999612331390381e-01
4.629998803138732910e-01
4.644998908042907715e-01
4.668000340461730957e-01
4.650999009609222412e-01
4.635999202728271484e-01
4.639000296592712402e-01
4.608999490737915039e-01
4.625999927520751953e-01
4.608998596668243408e-01
4.627999067306518555e-01
4.594999253749847412e-01
4.577000141143798828e-01
4.581999182701110840e-01
4.571000039577484131e-01
4.597999155521392822e-01
4.556999206542968750e-01
4.538000226020812988e-01
4.541999399662017822e-01
4.552999436855316162e-01
4.550999402999877930e-01
4.511000812053680420e-01
4.500999748706817627e-01
4.512999355792999268e-01
4.504999816417694092e-01
4.488999545574188232e-01
4.522000253200531006e-01
4.511999785900115967e-01
4.541000127792358398e-01
4.542999565601348877e-01
4.537999629974365234e-01
4.543999135494232178e-01
4.554999470710754395e-01
4.555999040603637695e-01
4.514999091625213623e-01
4.549000263214111328e-01
4.506000280380249023e-01
4.473999738693237305e-01
4.542999565601348877e-01
4.525998830795288086e-01
4.561000168323516846e-01
4.541999399662017822e-01
4.546999335289001465e-01
4.517998099327087402e-01
4.522999227046966553e-01
4.494999051094055176e-01
4.507998228073120117e-01
4.506998956203460693e-01
4.510999321937561035e-01
4.507998526096343994e-01
4.494999051094055176e-01
4.472000002861022949e-01
4.481998682022094727e-01
4.464999735355377197e-01
4.478999674320220947e-01
4.507998526096343994e-01
4.489998221397399902e-01
4.492999315261840820e-01
4.461998343467712402e-01
4.502998590469360352e-01
4.464999437332153320e-01
4.462999999523162842e-01
4.465000033378601074e-01
4.481999278068542480e-01
4.483999311923980713e-01
4.489000439643859863e-01
4.486999213695526123e-01
4.494000375270843506e-01
4.477999210357666016e-01
4.459999501705169678e-01
4.428999722003936768e-01
