8.953347802162170410e-03
-9.039921686053276062e-03
5.015220493078231812e-03
2.579472959041595459e-02
1.974223926663398743e-02
2.393501996994018555e-02
-7.219906896352767944e-03
2.691349014639854431e-02
-2.750315889716148376e-02
5.604147911071777344e-03
-2.919695712625980377e-02
-2.773627638816833496e-02
-1.072268001735210419e-02
6.804883480072021484e-03
5.062080919742584229e-03
-2.137005887925624847e-02
-2.506622672080993652e-02
-2.850637398660182953e-02
-3.032422997057437897e-02
1.487168669700622559e-02
1.396781951189041138e-02
3.487251326441764832e-02
-2.520047500729560852e-02
-3.171449154615402222e-02
1.649556308984756470e-02
8.925970643758773804e-03
-2.498491480946540833e-02
-1.160925626754760742e-02
-1.203101128339767456e-02
-1.210816204547882080e-03
-1.625285483896732330e-02
1.765150204300880432e-02
-7.071683183312416077e-03
3.437899425625801086e-02
-1.299519278109073639e-02
-1.907584816217422485e-02
8.562327362596988678e-03
-1.109180413186550140e-02
-1.622014865279197693e-02
-1.463838294148445129e-02
1.061912067234516144e-02
3.552376478910446167e-02
-6.291651166975498199e-03
9.665490128099918365e-03
-2.483076974749565125e-02
-2.225840464234352112e-03
-1.828734017908573151e-02
-7.917214184999465942e-03
-1.163953728973865509e-02
2.716375514864921570e-03
2.964753657579421997e-02
2.543880604207515717e-02
6.560191512107849121e-03
-9.248094633221626282e-03
1.473537459969520569e-02
1.176415756344795227e-02
1.887713000178337097e-02
1.070562750101089478e-03
-2.453973516821861267e-02
-2.169936895370483398e-02
-3.380206227302551270e-02
-1.156967133283615112e-02
2.982392720878124237e-02
1.574585773050785065e-02
-2.752850763499736786e-02
-3.291656449437141418e-02
1.495968550443649292e-02
-1.710752025246620178e-02
3.064425475895404816e-02
3.117400966584682465e-02
2.898033149540424347e-02
-1.002275291830301285e-02
3.288175165653228760e-02
5.551016423851251602e-03
9.396910667419433594e-03
1.721567474305629730e-02
2.682636678218841553e-02
3.190869092941284180e-02
-1.568846590816974640e-02
1.933118514716625214e-02
-2.118121087551116943e-02
7.498521357774734497e-03
-2.929393388330936432e-02
2.620338276028633118e-02
2.108292654156684875e-02
-2.972938120365142822e-03
1.416756585240364075e-02
1.092787459492683411e-02
-1.941589452326297760e-02
1.660867221653461456e-02
2.914820425212383270e-02
7.089904509484767914e-03
-2.581197582185268402e-02
-1.762964762747287750e-02
-2.726363018155097961e-02
-2.327325381338596344e-02
-3.064341843128204346e-03
1.645829714834690094e-02
-9.555252268910408020e-03
2.852001786231994629e-02
9.295293129980564117e-04
3.103992901742458344e-02
2.750196307897567749e-02
-1.358291320502758026e-02
-3.363120555877685547e-02
-1.803006976842880249e-03
-3.225570544600486755e-02
-2.018423937261104584e-02
6.306165363639593124e-03
4.349004477262496948e-03
1.695727929472923279e-02
1.928111538290977478e-02
-2.454530447721481323e-02
-2.342152222990989685e-02
-2.165132388472557068e-02
-1.431130990386009216e-02
-2.107846923172473907e-02
-2.497572638094425201e-02
2.134067192673683167e-02
1.839863136410713196e-02
-2.993929013609886169e-02
-3.256418183445930481e-02
-8.176713250577449799e-03
-2.167291194200515747e-02
9.178390027955174446e-04
-2.220824547111988068e-02
8.675675053382292390e-05
1.586115919053554535e-02
-1.247513201087713242e-02
-2.410173602402210236e-02
-1.352994050830602646e-02
2.054793387651443481e-02
-1.584799960255622864e-02
1.526400540024042130e-02
7.793150376528501511e-03
3.493563458323478699e-02
6.860687397420406342e-03
-7.299003191292285919e-04
2.319994196295738220e-02
-1.936206221580505371e-02
2.559225261211395264e-02
-1.774079538881778717e-02
-7.006976753473281860e-03
-3.115507215261459351e-02
-4.720067605376243591e-03
2.484223991632461548e-02
2.418438345193862915e-02
3.189252689480781555e-02
-1.052746362984180450e-02
3.369751572608947754e-02
-2.511733025312423706e-02
-9.853781200945377350e-03
2.902198955416679382e-02
-3.019529022276401520e-02
-2.096001058816909790e-02
2.354231849312782288e-02
-3.642954304814338684e-02
-2.320466004312038422e-02
1.023110467940568924e-02
5.466226488351821899e-03
-3.257213160395622253e-02
-4.035651683807373047e-03
-1.822317019104957581e-02
-2.792579680681228638e-02
-2.177741192281246185e-02
-1.383859757333993912e-02
1.122433505952358246e-02
1.135284546762704849e-02
-5.738347768783569336e-03
-2.353341877460479736e-02
-1.002424210309982300e-02
-6.016727536916732788e-03
1.973913982510566711e-03
3.332930151373147964e-03
2.334139496088027954e-02
-6.976862438023090363e-03
1.731155626475811005e-02
3.154637292027473450e-02
-1.648411899805068970e-02
9.091263927984982729e-05
2.232177369296550751e-02
-1.935318927280604839e-03
-9.729141369462013245e-03
-2.043799497187137604e-02
-1.894178101792931557e-03
3.730126842856407166e-02
3.309787064790725708e-02
-1.777557097375392914e-02
-3.353630006313323975e-02
-3.448944538831710815e-02
1.099128182977437973e-02
1.246334239840507507e-02
4.070539493113756180e-03
-3.653527703136205673e-03
2.317013405263423920e-02
-3.356180340051651001e-02
2.459062263369560242e-02
2.004954591393470764e-02
-3.223985061049461365e-02
-1.897589303553104401e-02
-3.052479354664683342e-03
8.709076792001724243e-03
8.836032822728157043e-03
1.635971665382385254e-02
-2.212189696729183197e-02
1.756266690790653229e-02
2.618513815104961395e-02
-2.060034498572349548e-02
-1.950830593705177307e-02
9.620180353522300720e-03
2.235713228583335876e-02
-1.114973425865173340e-02
2.664536051452159882e-02
-5.195268429815769196e-03
4.360940679907798767e-02
3.368454426527023315e-02
2.590738981962203979e-02
-1.008465886116027832e-02
-3.288838779553771019e-03
1.845849677920341492e-02
2.583676390349864960e-02
-8.233989588916301727e-03
-9.996545501053333282e-03
-4.120132944080978632e-04
2.362130582332611084e-02
-2.346378192305564880e-02
1.020452752709388733e-02
-1.232765521854162216e-02
6.647910457104444504e-03
-7.503918372094631195e-03
-2.741166949272155762e-02
-2.203240431845188141e-02
-1.614615321159362793e-03
1.899965573102235794e-04
1.324345264583826065e-02
1.009814534336328506e-02
3.100618720054626465e-02
2.454007230699062347e-02
2.216522954404354095e-02
4.911596886813640594e-03
-1.687546446919441223e-02
-1.591275259852409363e-02
3.734432859346270561e-03
3.334768489003181458e-02
2.460033446550369263e-02
1.175036560744047165e-02
-3.302268311381340027e-02
-5.917298141866922379e-03
-2.721588127315044403e-02
-3.122476115822792053e-02
3.153074905276298523e-02
-6.473252549767494202e-03
2.224530652165412903e-02
4.082713276147842407e-03
-1.424945332109928131e-02
-6.712046451866626740e-04
-2.213463746011257172e-02
-2.021207474172115326e-02
2.589248120784759521e-02
-2.083556726574897766e-03
-2.297461964190006256e-02
1.708305813372135162e-02
-2.166439220309257507e-02
6.870807148516178131e-03
-1.787982694804668427e-02
-1.595035381615161896e-02
2.021517418324947357e-02
-6.424457300454378128e-03
-2.708719857037067413e-02
-1.037502568215131760e-02
2.452199533581733704e-02
-1.580639928579330444e-02
3.364066779613494873e-02
-8.441629819571971893e-03
-5.787740461528301239e-03
1.369754131883382797e-02
2.536249160766601562e-02
3.004018403589725494e-02
2.662873454391956329e-02
-1.505747437477111816e-02
-2.376075461506843567e-02
-1.301697827875614166e-02
8.347929106093943119e-04
-2.005645073950290680e-02
3.956432919949293137e-03
-2.255074447020888329e-03
4.623650456778705120e-04
1.043662987649440765e-02
-4.425645340234041214e-03
-7.185365539044141769e-03
-1.454361900687217712e-02
2.042669802904129028e-02
-9.301182813942432404e-03
2.209713868796825409e-02
-2.758297324180603027e-02
-3.029445372521877289e-02
1.484578941017389297e-02
-2.303453907370567322e-02
-2.094328962266445160e-02
-8.624193258583545685e-03
-1.883105188608169556e-02
-1.499715074896812439e-02
2.063695683318655938e-05
1.430112589150667191e-02
-3.019325248897075653e-02
8.749742992222309113e-04
2.091082371771335602e-02
-3.264393657445907593e-03
1.473724842071533203e-04
-7.055811583995819092e-04
-1.440009940415620804e-02
-4.763433709740638733e-03
-9.838694706559181213e-03
6.362408166751265526e-04
1.489733811467885971e-02
3.436661325395107269e-03
2.950285188853740692e-02
-2.647763863205909729e-02
3.250921890139579773e-02
-1.873008720576763153e-02
2.315682359039783478e-02
1.347494218498468399e-02
2.486523240804672241e-02
-9.335417300462722778e-03
2.245772629976272583e-02
-2.536973170936107635e-02
4.442469403147697449e-02
5.184739362448453903e-03
2.716822177171707153e-02
2.295057987794280052e-03
-2.533682622015476227e-02
-2.816330641508102417e-02
9.921086020767688751e-03
2.462638076394796371e-04
1.628053002059459686e-02
2.514525875449180603e-02
2.674799785017967224e-02
-2.980376780033111572e-02
2.484259754419326782e-02
-9.736404754221439362e-03
-5.608403123915195465e-03
7.329627405852079391e-03
2.694704197347164154e-02
5.258360877633094788e-03
-3.145980834960937500e-02
-1.669944636523723602e-02
4.654703661799430847e-03
2.571908198297023773e-02
-3.192971274256706238e-02
-3.211910277605056763e-02
-1.507070567458868027e-02
-2.109037525951862335e-02
6.818406283855438232e-03
1.092705782502889633e-02
2.317428775131702423e-02
-9.237699210643768311e-03
3.425407037138938904e-02
3.124970942735671997e-02
6.806909223087131977e-04
2.804426662623882294e-02
-8.769365958869457245e-04
-1.618210226297378540e-02
-5.349427461624145508e-03
2.799432724714279175e-03
6.881076842546463013e-03
2.778083458542823792e-02
2.049544826149940491e-02
-1.894006505608558655e-02
2.297115977853536606e-03
1.743780076503753662e-02
-2.298280224204063416e-02
-2.569240145385265350e-02
-1.097562373615801334e-03
2.736815065145492554e-02
2.071160415653139353e-04
-2.198190428316593170e-02
1.538381725549697876e-02
-9.206191170960664749e-04
2.111367695033550262e-02
-1.546263135969638824e-02
-1.902700960636138916e-02
-3.521965816617012024e-03
5.953010171651840210e-03
4.044997505843639374e-03
3.758422285318374634e-02
-5.327593069523572922e-03
1.261723879724740982e-02
1.548641128465533257e-03
-2.521843090653419495e-02
-1.412064861506223679e-02
-2.978554926812648773e-02
6.108120083808898926e-03
1.255020871758460999e-02
1.800545677542686462e-02
-3.579529584385454655e-04
-1.182356011122465134e-02
-1.810168474912643433e-02
3.421579673886299133e-02
3.553581237792968750e-02
2.579405531287193298e-02
2.892085583880543709e-03
2.196874096989631653e-02
-1.407889463007450104e-02
-3.479836881160736084e-02
-2.765949815511703491e-02
-1.221650838851928711e-02
9.866780601441860199e-03
-2.742218412458896637e-02
-1.919130049645900726e-02
-2.410323731601238251e-02
3.485219180583953857e-02
3.150140866637229919e-02
-1.227130065672099590e-03
-2.332939021289348602e-02
-3.585777431726455688e-02
-3.217696771025657654e-02
1.262314338237047195e-02
2.898176899179816246e-03
-3.523091971874237061e-02
-3.362282365560531616e-02
2.417721599340438843e-02
-3.051923215389251709e-02
-1.412792317569255829e-02
3.572700545191764832e-02
3.673533350229263306e-02
-1.513148099184036255e-02
-5.986622534692287445e-03
-1.396088395267724991e-03
-4.860840272158384323e-03
3.639596700668334961e-02
-3.299042209982872009e-02
3.340344503521919250e-02
8.978161960840225220e-03
-3.437116974964737892e-03
3.018231876194477081e-02
3.193996101617813110e-02
1.975259976461529732e-03
-2.048976719379425049e-02
-3.148072864860296249e-03
3.487612307071685791e-02
1.669401302933692932e-02
2.614029508549720049e-04
5.408666562288999557e-03
-3.195939958095550537e-02
-1.129185897298157215e-03
8.736248128116130829e-03
-8.202893659472465515e-03
-2.901894040405750275e-02
-6.054244935512542725e-03
8.293468505144119263e-03
3.014522418379783630e-02
-8.951264433562755585e-03
-3.273784741759300232e-02
-3.387704119086265564e-02
-1.765370182693004608e-02
3.134161233901977539e-02
3.631740063428878784e-02
2.849666960537433624e-02
-2.302242908626794815e-03
-5.371214356273412704e-03
-3.688787808641791344e-03
2.465147338807582855e-02
3.030415682587772608e-04
1.618891954421997070e-02
4.648619890213012695e-02
-1.741430722177028656e-02
-2.439881488680839539e-02
-4.712319001555442810e-03
-1.252004224807024002e-02
3.139425814151763916e-02
2.715681307017803192e-02
-8.393623866140842438e-03
2.653188304975628853e-03
2.019209321588277817e-03
2.441407926380634308e-02
-1.291535608470439911e-02
-2.906449139118194580e-02
-1.350764185190200806e-03
2.352031692862510681e-02
5.779571831226348877e-03
9.974862448871135712e-03
2.886701375246047974e-02
3.267461434006690979e-02
-2.833429351449012756e-02
9.730132296681404114e-03
2.025405690073966980e-02
4.152251873165369034e-03
-2.436336362734436989e-03
-6.814175285398960114e-03
-4.276179242879152298e-03
3.306986019015312195e-02
-5.062452517449855804e-03
3.021991625428199768e-02
3.454975318163633347e-03
-2.796651422977447510e-02
-3.326023370027542114e-02
-1.150539144873619080e-02
1.748809125274419785e-03
-2.390382438898086548e-02
4.217789042741060257e-03
1.413004472851753235e-02
-9.281648090109229088e-04
3.008853457868099213e-02
3.251755610108375549e-02
1.154508814215660095e-02
1.230645552277565002e-02
-7.231750059872865677e-03
1.901821233332157135e-02
1.306371204555034637e-02
2.803966589272022247e-02
6.257453933358192444e-04
-3.524509072303771973e-02
-3.804867714643478394e-02
-5.996507592499256134e-03
-3.556380048394203186e-02
-1.749481633305549622e-02
-3.872716566547751427e-03
-5.302785895764827728e-03
3.754102811217308044e-02
3.475075587630271912e-02
-2.804380841553211212e-02
3.458279371261596680e-02
-9.534551762044429779e-03
-2.253385260701179504e-02
-2.867779694497585297e-02
1.932758279144763947e-02
-2.671648049727082253e-03
-3.319675847887992859e-02
1.778215542435646057e-02
2.652889350429177284e-03
2.698018774390220642e-02
3.555238619446754456e-02
-3.028889372944831848e-02
3.345027193427085876e-02
4.423648118972778320e-03
5.295604467391967773e-03
-1.407596282660961151e-02
2.934220805764198303e-02
3.136295452713966370e-02
6.965627428144216537e-03
-3.427521139383316040e-02
2.623149566352367401e-02
-4.521387442946434021e-02
-9.479075670242309570e-03
2.420641295611858368e-02
-5.400253925472497940e-03
-3.443576395511627197e-02
-2.419913373887538910e-02
-2.778142318129539490e-02
-2.088057063519954681e-02
-3.855149820446968079e-02
-2.670592628419399261e-02
1.085924077779054642e-02
-3.725431486964225769e-02
-1.133691612631082535e-02
-2.532420214265584946e-03
1.301395706832408905e-02
-2.247399464249610901e-02
-3.055769018828868866e-02
2.324157208204269409e-02
-1.715770363807678223e-02
-2.177034690976142883e-02
2.322223037481307983e-02
6.497567053884267807e-03
-3.485121205449104309e-02
-1.847993955016136169e-02
3.236287832260131836e-02
-3.099095076322555542e-02
-3.265219554305076599e-02
1.744396425783634186e-02
-1.493617799133062363e-02
2.355269622057676315e-03
-3.522047400474548340e-02
2.815680019557476044e-02
-5.300343036651611328e-03
-4.594296216964721680e-03
7.945911958813667297e-03
2.168432809412479401e-02
-2.545356564223766327e-02
9.445308241993188858e-04
-3.915719222277402878e-03
9.272267110645771027e-03
-1.693311147391796112e-03
-3.463451191782951355e-02
2.548847161233425140e-02
-3.544366359710693359e-02
3.535846248269081116e-02
-3.454321250319480896e-02
-1.302251778542995453e-02
1.563151180744171143e-02
5.888566374778747559e-05
-2.218083851039409637e-02
2.867557108402252197e-03
-3.427141532301902771e-02
-2.673809975385665894e-02
-3.551961854100227356e-02
-1.422246266156435013e-02
-1.430062577128410339e-02
-7.975959219038486481e-03
1.982430182397365570e-02
-2.001176215708255768e-02
8.202886208891868591e-03
2.235466614365577698e-02
5.413189996033906937e-03
1.947555877268314362e-02
4.973855800926685333e-03
3.153344988822937012e-02
-1.695768674835562706e-03
1.717993244528770447e-02
-6.899790372699499130e-03
2.618320658802986145e-02
-9.375311434268951416e-03
-2.818890288472175598e-02
-1.713532023131847382e-02
1.804780773818492889e-02
3.285853192210197449e-02
2.038616687059402466e-03
2.707846835255622864e-02
1.983376592397689819e-02
-1.056678942404687405e-03
1.350738666951656342e-02
-4.392852541059255600e-03
-3.406182304024696350e-02
1.225534640252590179e-02
-1.565632410347461700e-02
-3.257946670055389404e-02
3.100080788135528564e-02
9.950546547770500183e-03
2.789342217147350311e-02
1.800249516963958740e-02
2.926018647849559784e-02
-4.216984671074897051e-04
1.921562012284994125e-03
1.466314401477575302e-02
-3.095144778490066528e-02
-2.341517433524131775e-02
-3.179091494530439377e-03
-6.466252729296684265e-03
-2.057276666164398193e-02
1.847434975206851959e-02
5.042116157710552216e-03
-1.649343781173229218e-02
2.956269495189189911e-02
2.710060402750968933e-02
9.890306740999221802e-03
-1.447833515703678131e-02
-6.495799869298934937e-03
-3.540493920445442200e-02
9.364559315145015717e-03
-1.810935139656066895e-02
1.535328198224306107e-02
-1.048637367784976959e-02
-1.520443242043256760e-02
3.562426567077636719e-02
-3.001002967357635498e-02
3.143603727221488953e-02
-4.669120535254478455e-03
7.642334792762994766e-03
-8.707575500011444092e-03
8.241827599704265594e-03
-5.893064197152853012e-03
-6.308411713689565659e-03
1.258634403347969055e-02
3.449402004480361938e-02
1.616076566278934479e-02
1.758425123989582062e-02
1.167533546686172485e-02
-1.090480107814073563e-02
-2.058795839548110962e-02
-3.450933843851089478e-03
2.300185337662696838e-02
1.563139632344245911e-02
-1.916577294468879700e-02
2.533336728811264038e-02
-2.514749765396118164e-03
-1.859803311526775360e-02
-2.432957664132118225e-02
-2.740113064646720886e-02
-9.532745927572250366e-03
3.868210129439830780e-03
-1.933709718286991119e-02
-1.532583869993686676e-02
-2.594474330544471741e-02
-3.822274738922715187e-03
3.394790366291999817e-02
1.888996921479701996e-02
8.012775331735610962e-03
7.554669864475727081e-03
2.379381656646728516e-02
6.728536915034055710e-03
1.651637069880962372e-02
2.149565704166889191e-02
-1.421442534774541855e-02
-1.519952341914176941e-02
1.446301117539405823e-02
1.431004516780376434e-02
-2.717837691307067871e-02
2.176292613148689270e-02
3.339270874857902527e-02
-4.905773326754570007e-03
-6.882186979055404663e-03
1.746230572462081909e-02
3.390382975339889526e-03
-3.482896834611892700e-02
-1.224552933126688004e-02
5.664895288646221161e-03
9.510940872132778168e-03
3.059620968997478485e-02
-1.160383410751819611e-02
-2.708358317613601685e-02
-2.513410709798336029e-02
1.286160759627819061e-02
-9.910818189382553101e-03
-2.933052182197570801e-02
1.865782774984836578e-02
2.972795069217681885e-02
-2.935173735022544861e-02
-2.602664195001125336e-02
-1.487047760747373104e-03
-1.380964997224509716e-03
-7.488220930099487305e-03
1.286897528916597366e-02
2.537062764167785645e-02
2.610393613576889038e-02
2.551630511879920959e-02
3.934510052204132080e-03
1.164086163043975830e-03
-2.409355342388153076e-02
-8.295850828289985657e-03
-5.352506414055824280e-03
-3.423478081822395325e-02
1.601972430944442749e-02
2.691570855677127838e-02
-3.066959232091903687e-02
-2.219223789870738983e-02
-2.855464816093444824e-02
-2.195081487298011780e-02
1.895279437303543091e-02
3.068389557301998138e-02
-3.151889145374298096e-02
2.304219454526901245e-02
5.147933959960937500e-03
-4.613664466887712479e-03
-2.242686413228511810e-02
6.685174070298671722e-03
2.606555074453353882e-02
2.217376418411731720e-02
1.240166183561086655e-02
2.185933291912078857e-02
8.406768552958965302e-03
-2.778838016092777252e-02
2.386978641152381897e-02
-3.170852735638618469e-02
-1.094951480627059937e-02
1.807478442788124084e-02
-1.144140958786010742e-03
-2.704575657844543457e-02
1.626634225249290466e-02
1.858878135681152344e-02
-2.864302694797515869e-02
-2.245258539915084839e-02
7.644981145858764648e-03
-2.309730648994445801e-02
-3.503561764955520630e-02
-4.819129128009080887e-03
-2.432353422045707703e-02
1.358869299292564392e-02
-1.299571711570024490e-02
3.061095811426639557e-02
1.916621997952461243e-02
1.090881973505020142e-02
2.573881670832633972e-02
1.084642205387353897e-02
-1.264867093414068222e-02
-1.769397966563701630e-02
6.093862000852823257e-03
2.417644113302230835e-02
2.887363359332084656e-02
2.195714414119720459e-02
-9.759925305843353271e-04
-1.370934210717678070e-02
1.699115708470344543e-02
-3.051222302019596100e-02
-3.329955413937568665e-02
5.138855427503585815e-03
-1.406946033239364624e-02
3.230125829577445984e-02
-1.622026786208152771e-02
-2.141127921640872955e-02
8.555885404348373413e-03
-9.703263640403747559e-04
2.636276185512542725e-03
2.733316272497177124e-03
-2.923378534615039825e-02
1.910679787397384644e-02
6.125383079051971436e-03
-2.306040376424789429e-02
2.607282251119613647e-03
2.193588390946388245e-02
1.724620163440704346e-02
-1.899772137403488159e-02
-1.596042513847351074e-02
-1.774740777909755707e-02
2.013087645173072815e-02
2.339985966682434082e-02
2.711253240704536438e-02
1.791183277964591980e-02
1.339465379714965820e-03
1.780107244849205017e-02
1.735553517937660217e-02
4.275832325220108032e-03
-1.992331258952617645e-02
9.248457849025726318e-03
-2.130818925797939301e-02
1.598545908927917480e-02
-1.791398972272872925e-03
-1.355587691068649292e-02
-4.862777888774871826e-03
1.122815255075693130e-02
3.183815255761146545e-02
-2.538760565221309662e-02
-3.151351958513259888e-02
1.309452392160892487e-02
-4.230450373142957687e-03
-2.636509947478771210e-02
-2.600273676216602325e-02
-3.103344887495040894e-02
1.741684228181838989e-02
3.985412418842315674e-03
-1.747808977961540222e-02
-1.174412947148084641e-02
-2.590217813849449158e-02
1.857316493988037109e-02
1.198255456984043121e-02
-3.185203671455383301e-02
-2.853919938206672668e-02
2.302265539765357971e-02
-2.153515815734863281e-02
-1.667164079844951630e-02
-9.849742054939270020e-04
1.543924584984779358e-02
6.750918924808502197e-03
3.072291612625122070e-03
-3.025375306606292725e-02
1.325032301247119904e-02
-5.663617514073848724e-03
8.013998158276081085e-03
-9.369751438498497009e-03
-1.044130604714155197e-02
4.622304812073707581e-03
9.700157679617404938e-03
-2.183744311332702637e-02
-9.772932156920433044e-03
3.501362353563308716e-02
-2.470292896032333374e-02
-3.225440159440040588e-02
-2.114950865507125854e-02
1.572469063103199005e-02
-2.106891758739948273e-02
3.541573509573936462e-02
2.220859751105308533e-03
2.220358001068234444e-03
1.300902571529150009e-02
-1.361529994755983353e-02
-9.111964143812656403e-03
-2.441885136067867279e-02
1.433283463120460510e-02
-1.019420474767684937e-02
6.636068224906921387e-03
2.317351102828979492e-02
1.045845448970794678e-02
-2.386182174086570740e-02
1.815636828541755676e-02
-6.804438307881355286e-04
3.168685734272003174e-02
-3.549038991332054138e-02
-2.940445207059383392e-02
4.599073436111211777e-03
-3.238685429096221924e-02
3.170522302389144897e-02
2.298866026103496552e-02
-1.389441639184951782e-02
2.771792188286781311e-02
2.986693941056728363e-02
1.926611759699881077e-03
-2.292596735060214996e-03
2.008642069995403290e-02
2.214124985039234161e-02
1.394957769662141800e-02
-1.822280813939869404e-03
-3.112822398543357849e-02
9.102758951485157013e-03
5.991413258016109467e-03
-1.028880011290311813e-02
8.997261524200439453e-03
4.858572036027908325e-03
-1.156315207481384277e-02
1.191722974181175232e-02
1.372140645980834961e-02
1.948634907603263855e-02
-9.531510295346379280e-04
3.087182901799678802e-02
3.441939130425453186e-02
6.704985629767179489e-03
2.941815927624702454e-02
-1.782867684960365295e-02
-7.157408632338047028e-03
-3.373084962368011475e-02
2.518899738788604736e-02
2.341833338141441345e-02
-2.173819113522768021e-03
6.041781045496463776e-03
-1.570855267345905304e-02
8.050561882555484772e-04
-1.497533288784325123e-03
8.316697552800178528e-03
2.159098722040653229e-02
-2.881098724901676178e-02
7.997758686542510986e-03
-7.175174541771411896e-03
1.055727247148752213e-02
-5.152027588337659836e-03
3.217475954443216324e-03
1.812392473220825195e-02
3.481136634945869446e-02
-2.648691833019256592e-02
-2.828087657690048218e-02
2.684054151177406311e-02
-1.153534278273582458e-02
-2.729087136685848236e-02
1.456033065915107727e-02
2.641184814274311066e-02
-8.230402600020170212e-04
5.381218157708644867e-03
4.870251286774873734e-03
-2.803965238854289055e-03
1.403181347995996475e-02
5.414190818555653095e-04
-2.077787928283214569e-02
1.883648103103041649e-03
-2.698965370655059814e-03
-5.257133394479751587e-03
-1.228632032871246338e-02
1.368760503828525543e-02
-1.314916461706161499e-02
1.230381801724433899e-02
-2.285732701420783997e-02
3.426619991660118103e-02
-1.840131729841232300e-02
-3.387555945664644241e-03
3.146496787667274475e-02
-6.279915105551481247e-03
-3.507166355848312378e-02
-2.004633285105228424e-02
2.356472611427307129e-02
3.300154581665992737e-02
-3.425046056509017944e-02
2.051224000751972198e-02
-1.866841129958629608e-02
-5.448701791465282440e-03
-2.817869000136852264e-02
1.953823305666446686e-02
1.359493657946586609e-02
1.621082052588462830e-02
-2.905548363924026489e-02
2.618314465507864952e-03
2.092056721448898315e-02
3.119125217199325562e-02
-2.240639738738536835e-02
1.575817912817001343e-02
-2.272376976907253265e-02
-9.604887105524539948e-03
-6.545934826135635376e-03
-4.588663286995142698e-04
1.130695454776287079e-02
1.812991127371788025e-02
-3.175082430243492126e-02
1.297841686755418777e-02
1.819706708192825317e-02
-1.388722192496061325e-02
-2.860541082918643951e-02
-2.695601806044578552e-02
-1.547921448945999146e-03
1.610779017210006714e-02
1.969247870147228241e-02
1.015349663794040680e-02
1.934935897588729858e-02
2.678358368575572968e-02
-2.625018730759620667e-02
2.291579544544219971e-02
-2.739123255014419556e-02
1.689859898760914803e-03
-1.503873337060213089e-02
3.647281974554061890e-02
-8.363516069948673248e-03
1.606229343451559544e-03
6.969276349991559982e-03
-5.935978610068559647e-03
-1.672377809882164001e-02
3.636532276868820190e-02
-1.936256512999534607e-02
1.212348323315382004e-02
2.668085321784019470e-02
-3.778137732297182083e-03
2.957802824676036835e-02
-1.581545919179916382e-02
1.712850667536258698e-02
2.542080124840140343e-03
1.915483176708221436e-02
-2.078922465443611145e-02
-7.631795480847358704e-03
3.513492702040821314e-04
1.947574503719806671e-02
1.309968158602714539e-02
8.783517405390739441e-03
-1.597328856587409973e-02
-4.618452396243810654e-03
-1.643609814345836639e-02
-1.806886866688728333e-02
9.122582152485847473e-03
9.449729695916175842e-03
-2.563156373798847198e-02
2.128880098462104797e-02
1.620367541909217834e-02
1.403169240802526474e-02
2.633998729288578033e-02
-1.787631772458553314e-02
3.217188641428947449e-03
-2.442843466997146606e-02
1.796956174075603485e-02
2.299143187701702118e-02
1.267096400260925293e-02
1.778046949766576290e-03
2.831616811454296112e-02
3.053006529808044434e-02
-3.414842486381530762e-02
6.475646048784255981e-03
3.409701958298683167e-02
2.880377694964408875e-02
-9.339016862213611603e-03
3.545087575912475586e-02
3.098874539136886597e-02
-1.509238593280315399e-02
-2.850191108882427216e-02
2.771004661917686462e-02
-1.441491581499576569e-02
3.831999003887176514e-02
-7.149118464440107346e-03
1.383858360350131989e-02
1.253441348671913147e-02
-6.527614314109086990e-03
2.429137192666530609e-02
2.575939148664474487e-02
-9.086539503186941147e-04
3.218222409486770630e-02
-4.866504110395908356e-03
3.064212389290332794e-02
-2.411015518009662628e-02
3.237381577491760254e-02
1.811594143509864807e-02
-9.652382694184780121e-03
2.746992371976375580e-02
2.585443668067455292e-02
-1.344813220202922821e-02
-1.061279140412807465e-02
2.997804060578346252e-02
-1.575649529695510864e-02
1.214930415153503418e-02
-1.902909390628337860e-02
3.384732455015182495e-02
3.336389735341072083e-02
2.599616162478923798e-02
-2.210809104144573212e-02
-2.865712717175483704e-02
8.545767515897750854e-03
1.980217918753623962e-02
9.591547423042356968e-04
-7.933761924505233765e-03
-3.069015778601169586e-02
-3.469742136076092720e-03
1.285002473741769791e-02
-9.979355148971080780e-03
2.976532652974128723e-02
1.137584727257490158e-02
-2.300257328897714615e-03
-5.981968715786933899e-04
-3.516861051321029663e-02
-1.619436964392662048e-02
2.024308778345584869e-02
-1.252099964767694473e-02
9.415334090590476990e-03
-3.349054977297782898e-02
-7.275449112057685852e-03
2.830073609948158264e-02
-7.207574788480997086e-03
-1.019471045583486557e-02
1.666944846510887146e-02
-1.567349582910537720e-02
2.023258805274963379e-02
1.683099381625652313e-02
-9.612189023755490780e-04
-2.527180314064025879e-02
-1.663411594927310944e-02
8.890803903341293335e-03
2.687105908989906311e-02
-1.203138474375009537e-02
-2.875819569453597069e-03
2.341781044378876686e-03
1.654708012938499451e-02
2.987364120781421661e-02
1.393629889935255051e-02
1.126193534582853317e-02
4.300428554415702820e-03
3.171573579311370850e-02
3.488839790225028992e-02
-9.368047118186950684e-03
-2.919601276516914368e-02
2.972193807363510132e-02
2.936281636357307434e-02
1.122511923313140869e-03
-2.115659415721893311e-02
-7.833613082766532898e-03
-3.259851038455963135e-02
7.114531472325325012e-03
-2.736609242856502533e-02
-5.994334351271390915e-03
-2.384413406252861023e-02
1.821827702224254608e-02
-7.160893641412258148e-03
3.111459314823150635e-02
2.698036469519138336e-02
-2.183335646986961365e-02
-2.616994455456733704e-02
-5.189570598304271698e-03
1.064275112003087997e-02
3.665898740291595459e-02
1.336659677326679230e-02
7.951968349516391754e-03
-1.208959612995386124e-02
3.176303207874298096e-02
1.830260269343852997e-02
2.460617944598197937e-02
-1.443359814584255219e-02
-8.360247127711772919e-03
-6.462098564952611923e-03
2.404115907847881317e-02
-3.737113729584962130e-04
3.281772509217262268e-02
8.592180907726287842e-03
2.116056159138679504e-02
1.340646855533123016e-02
2.222793921828269958e-02
4.419763572514057159e-03
-2.849798277020454407e-02
-1.247539371252059937e-02
-1.655321009457111359e-02
1.066188234835863113e-02
9.059680625796318054e-03
-1.265426445752382278e-02
1.158265676349401474e-02
2.254512626677751541e-03
2.440724149346351624e-02
1.934302411973476410e-02
3.300821036100387573e-02
2.268473245203495026e-02
-3.644738811999559402e-03
3.204877674579620361e-02
7.740606553852558136e-03
1.986081711947917938e-02
-3.038639016449451447e-02
-2.673850581049919128e-02
-7.994173094630241394e-03
-1.143652386963367462e-02
9.757581166923046112e-03
-1.033505517989397049e-02
-7.894979789853096008e-03
1.036355644464492798e-02
1.619814336299896240e-02
-2.817209251224994659e-02
-2.178341895341873169e-02
-1.277093403041362762e-02
2.482765540480613708e-02
1.525737810879945755e-02
-2.964945696294307709e-02
1.105665974318981171e-02
5.013825837522745132e-03
4.510681703686714172e-02
6.962476298213005066e-03
-3.767474321648478508e-03
-4.017508588731288910e-03
-1.960474066436290741e-02
2.816016599535942078e-02
-2.694256545510143042e-04
4.104133695363998413e-02
1.633182284422218800e-03
-9.813381358981132507e-03
9.823243133723735809e-03
3.606189973652362823e-03
-1.400207635015249252e-02
-7.028629188425838947e-04
-1.113930623978376389e-02
9.281278587877750397e-03
2.688718214631080627e-02
-3.478385880589485168e-02
9.075649082660675049e-03
-1.686673611402511597e-03
-5.591908469796180725e-03
2.813445590436458588e-02
8.292398415505886078e-03
-3.146748244762420654e-02
-1.144103147089481354e-02
-2.677439898252487183e-02
-1.016833540052175522e-02
3.886220231652259827e-02
2.954739518463611603e-02
1.999191008508205414e-02
1.193785481154918671e-02
-1.862494833767414093e-02
1.108087506145238876e-02
-1.311014313250780106e-02
2.248633280396461487e-02
-1.610541716217994690e-02
1.835848949849605560e-02
1.095858681946992874e-02
3.954017534852027893e-02
-2.590069174766540527e-02
-2.006239816546440125e-02
-7.458333391696214676e-03
-1.637398265302181244e-02
-1.435603201389312744e-02
2.074018493294715881e-02
5.389902740716934204e-03
-2.125051617622375488e-02
-3.175905346870422363e-02
3.366082906723022461e-03
2.625203132629394531e-02
-1.216053962707519531e-02
9.137131273746490479e-03
-1.652287691831588745e-02
1.834896765649318695e-02
-1.218294724822044373e-02
-1.416430715471506119e-02
-1.516505144536495209e-02
2.805801853537559509e-02
-1.882366277277469635e-02
-1.349675096571445465e-02
2.374271117150783539e-02
3.357747569680213928e-02
1.718831807374954224e-02
-1.599608361721038818e-02
2.394942939281463623e-02
5.107495933771133423e-03
1.982873072847723961e-03
2.097222954034805298e-02
-1.611686311662197113e-02
1.219489704817533493e-02
-1.583358272910118103e-02
7.579307537525892258e-03
3.547761961817741394e-02
-2.482028678059577942e-02
1.844082400202751160e-02
-2.985313721001148224e-02
2.848535962402820587e-02
-2.650408819317817688e-02
-2.465847134590148926e-02
3.020335547626018524e-02
-1.212202012538909912e-02
5.509683396667242050e-03
3.186644986271858215e-02
8.889351971447467804e-03
-1.903311349451541901e-02
-3.304419293999671936e-02
-6.368714850395917892e-03
3.731229901313781738e-02
-2.049600332975387573e-02
-8.014862542040646076e-04
4.347749799489974976e-02
-1.640490815043449402e-02
1.893135532736778259e-02
3.078890964388847351e-02
3.220100700855255127e-02
-1.227831561118364334e-02
-6.983392871916294098e-03
5.648231133818626404e-03
-7.562353275716304779e-03
1.082052662968635559e-02
-1.228694990277290344e-02
-3.004373051226139069e-02
-1.117122732102870941e-02
1.765730604529380798e-02
2.427853271365165710e-02
1.235519349575042725e-02
2.619417384266853333e-02
-1.667009294033050537e-02
1.865579001605510712e-02
-9.014705196022987366e-03
9.216606616973876953e-03
-1.534957531839609146e-02
2.509696222841739655e-02
8.177599869668483734e-03
3.463284298777580261e-02
-4.636163823306560516e-03
3.219442814588546753e-02
2.915808372199535370e-02
-2.238252758979797363e-02
3.704083710908889771e-02
-2.818514220416545868e-02
-2.495827153325080872e-02
1.779912039637565613e-02
1.589452289044857025e-02
2.238844893872737885e-02
-8.165734820067882538e-03
1.446104841306805611e-03
-6.490956991910934448e-03
2.512946911156177521e-02
2.381451800465583801e-02
6.380327045917510986e-03
7.065668702125549316e-03
1.654541119933128357e-02
2.126703411340713501e-02
-2.348020486533641815e-02
-3.221446275711059570e-02
-1.011886354535818100e-02
-3.243077546358108521e-02
-7.844147272408008575e-03
-2.671309188008308411e-02
-2.181113697588443756e-02
-1.345174480229616165e-02
-2.322380244731903076e-02
6.009489297866821289e-03
1.105515472590923309e-02
2.082251943647861481e-02
3.610868752002716064e-02
1.415014918893575668e-02
2.078851871192455292e-02
1.970143988728523254e-02
2.942212671041488647e-02
2.918350510299205780e-02
-8.371058851480484009e-03
-1.006901636719703674e-02
1.515004667453467846e-03
-2.491293847560882568e-02
-7.838328368961811066e-03
-3.264041990041732788e-02
-1.594598032534122467e-02
-2.271601185202598572e-02
3.221201524138450623e-02
-3.702503861859440804e-03
-3.108468465507030487e-02
-2.687810547649860382e-02
-2.572699077427387238e-02
-4.692709073424339294e-03
-6.435692775994539261e-03
-2.785995602607727051e-02
-2.001376822590827942e-02
3.757645189762115479e-02
2.587392181158065796e-02
2.559399418532848358e-02
2.116055460646748543e-03
5.561408121138811111e-03
1.745798625051975250e-02
9.150644764304161072e-04
-2.335956506431102753e-02
-2.844145521521568298e-02
-3.168572485446929932e-02
-2.886212430894374847e-02
-1.858531683683395386e-02
1.194038995890878141e-04
2.792040584608912468e-03
2.220623753964900970e-02
2.395531348884105682e-02
2.987436577677726746e-02
-1.500042900443077087e-02
-4.425700753927230835e-03
-3.446602076292037964e-02
2.608507685363292694e-02
-3.896063193678855896e-03
2.734462730586528778e-02
2.231016382575035095e-02
3.010009974241256714e-02
2.343002706766128540e-02
7.281108293682336807e-03
2.275497280061244965e-02
-2.894111722707748413e-02
-2.290857490152120590e-03
2.243564091622829437e-02
3.736874461174011230e-02
3.639252483844757080e-02
2.784052491188049316e-02
-1.821256615221500397e-02
-1.164797879755496979e-02
-2.588086389005184174e-02
1.537380926311016083e-02
-1.375694014132022858e-02
1.419620122760534286e-02
-1.747431419789791107e-02
-2.218477241694927216e-02
-2.431506477296352386e-02
1.603147946298122406e-02
9.824533015489578247e-03
-1.640722714364528656e-02
-1.497369259595870972e-03
-1.007890328764915466e-02
1.842609792947769165e-02
-2.904815226793289185e-02
3.425892814993858337e-02
-2.891968190670013428e-02
2.218774054199457169e-03
-6.493517197668552399e-03
-5.622875876724720001e-03
-1.986785791814327240e-02
6.576901767402887344e-03
-2.801648341119289398e-02
5.520320963114500046e-03
3.437026590108871460e-02
-9.261486120522022247e-03
-3.470000997185707092e-02
-5.577000323683023453e-03
2.851152792572975159e-03
-2.773898653686046600e-02
2.632872946560382843e-02
-2.476473152637481689e-02
7.007348816841840744e-03
-1.534174568951129913e-02
-2.249707467854022980e-02
-2.295703068375587463e-02
2.781163156032562256e-02
-3.951165825128555298e-03
-3.013103827834129333e-02
1.089343801140785217e-02
-3.026808239519596100e-02
-1.495676580816507339e-03
-3.156170248985290527e-02
-1.326986774802207947e-02
1.224059611558914185e-02
-2.756303176283836365e-02
-1.101201679557561874e-02
2.550934627652168274e-02
-2.857994474470615387e-02
-1.208153320476412773e-03
2.286086603999137878e-02
1.458876766264438629e-02
-2.290221117436885834e-02
2.725663036108016968e-02
-3.265287959948182106e-04
2.912288345396518707e-02
2.160601690411567688e-02
6.604632828384637833e-03
1.936299540102481842e-02
3.540011867880821228e-02
1.902142772451043129e-03
-1.526460796594619751e-02
3.219509124755859375e-02
-1.059135328978300095e-02
-3.348267078399658203e-02
1.607936620712280273e-02
1.927627623081207275e-02
-3.072791919112205505e-02
2.461396157741546631e-02
2.890320494771003723e-02
7.973427884280681610e-03
-3.170884773135185242e-02
-3.228361532092094421e-02
-1.234159246087074280e-02
-1.104694884270429611e-02
-2.420331817120313644e-03
1.989059848710894585e-03
3.411117568612098694e-02
-3.269527852535247803e-02
1.617353968322277069e-02
1.434145588427782059e-02
-3.337655961513519287e-02
-3.950695041567087173e-03
1.475161779671907425e-02
-7.801943458616733551e-03
2.221142873167991638e-02
1.909516565501689911e-02
3.632560372352600098e-02
-7.119724527001380920e-03
-2.525683864951133728e-02
-4.291221499443054199e-03
-8.047385141253471375e-03
4.152774810791015625e-03
9.201198816299438477e-03
-2.300926670432090759e-02
8.643209934234619141e-03
-3.877926617860794067e-03
-1.467385515570640564e-02
2.811125665903091431e-02
-4.309754876885563135e-04
-3.464842960238456726e-02
1.477589830756187439e-02
2.366992458701133728e-02
-3.285851702094078064e-02
1.967329904437065125e-02
1.437331899069249630e-03
-1.162410154938697815e-02
6.411823444068431854e-03
8.788609877228736877e-03
-2.146367169916629791e-02
1.743746222928166389e-03
2.152550779283046722e-02
8.881740272045135498e-03
-2.731906948611140251e-03
-2.066440321505069733e-02
-2.174363099038600922e-02
1.174512226134538651e-02
2.352089807391166687e-02
-2.444939687848091125e-02
1.338092982769012451e-02
-1.216957531869411469e-02
1.565082743763923645e-02
1.873861998319625854e-02
-2.578099817037582397e-02
3.098602965474128723e-02
2.362843602895736694e-02
2.470909245312213898e-02
-1.170502416789531708e-02
-3.048630990087985992e-02
-2.543236128985881805e-02
1.450787484645843506e-02
-1.480292901396751404e-02
1.163538824766874313e-02
1.318027637898921967e-02
1.113183796405792236e-02
-1.041552890092134476e-02
3.256493434309959412e-02
2.740635722875595093e-02
-1.974632032215595245e-02
-1.202018186450004578e-02
9.397788904607295990e-03
-8.400029502809047699e-03
2.114366553723812103e-02
2.988352626562118530e-02
-1.371087692677974701e-02
5.447328090667724609e-03
4.001781344413757324e-04
1.946265622973442078e-02
-1.377020217478275299e-02
-4.309255629777908325e-03
-1.078671216964721680e-02
3.168333321809768677e-03
-2.051393128931522369e-02
-2.256460487842559814e-02
-3.784228116273880005e-03
3.563791140913963318e-02
-1.245988346636295319e-02
5.814760923385620117e-03
1.804527640342712402e-02
2.965423092246055603e-02
1.013505924493074417e-02
-3.502599149942398071e-02
-3.224681830033659935e-03
-1.876201480627059937e-02
2.282110974192619324e-02
-2.569473907351493835e-02
-3.500909358263015747e-02
2.564956061542034149e-02
2.675934135913848877e-02
-9.612115100026130676e-03
-2.103325724601745605e-02
3.461301326751708984e-02
1.147758960723876953e-02
2.226867526769638062e-02
-3.560050204396247864e-02
7.794521749019622803e-03
2.743448689579963684e-02
4.522595554590225220e-03
-3.061053715646266937e-02
9.403530508279800415e-03
1.977622509002685547e-03
4.123661667108535767e-03
3.405038267374038696e-03
1.408524811267852783e-03
3.170824423432350159e-02
-2.350959181785583496e-02
3.418583050370216370e-02
-1.516096107661724091e-02
-2.291784249246120453e-02
-2.209186553955078125e-02
9.017214179039001465e-03
7.474448531866073608e-03
4.654597491025924683e-03
-1.380361430346965790e-02
5.475293844938278198e-03
3.168239817023277283e-02
-1.513244025409221649e-02
-4.697365686297416687e-03
-2.087962254881858826e-02
2.276017889380455017e-02
3.198907896876335144e-02
2.355183660984039307e-02
-2.990929782390594482e-02
-2.006427757441997528e-02
2.312157303094863892e-03
-2.872440777719020844e-02
7.119860500097274780e-03
-1.088802330195903778e-02
-1.709384284913539886e-02
-2.286169677972793579e-03
-2.949054539203643799e-02
1.802338659763336182e-02
-2.524699270725250244e-02
-3.493591398000717163e-02
3.380358591675758362e-02
3.322832286357879639e-02
-2.779034897685050964e-02
-2.510480210185050964e-02
1.513422932475805283e-02
-2.765338122844696045e-02
9.848611429333686829e-03
2.055180817842483521e-02
1.518912892788648605e-02
3.266524523496627808e-02
7.696815300732851028e-03
-2.932522259652614594e-02
2.382623776793479919e-02
-3.406391292810440063e-02
-2.636884339153766632e-02
-3.219777718186378479e-02
-2.270367369055747986e-02
-1.550764404237270355e-02
-2.046663314104080200e-03
-2.943255007266998291e-03
-2.690313756465911865e-02
-1.761866174638271332e-02
-1.857735589146614075e-02
-2.215675450861454010e-02
3.367047384381294250e-02
-2.896542288362979889e-02
2.620488870888948441e-03
-2.808917872607707977e-02
1.693167537450790405e-02
1.029782928526401520e-02
-8.417791686952114105e-03
2.901021391153335571e-02
3.214602824300527573e-03
-3.525882586836814880e-02
-2.041693031787872314e-02
-1.306708808988332748e-02
-2.012170292437076569e-02
-3.662725538015365601e-02
8.407624438405036926e-03
2.453348832204937935e-03
-2.791411941871047020e-03
3.025412745773792267e-02
1.405467465519905090e-02
-1.547316182404756546e-02
1.774481870234012604e-02
-2.641098201274871826e-02
-2.541113831102848053e-02
-9.780876338481903076e-03
-1.538074575364589691e-02
-2.924837172031402588e-04
2.713101729750633240e-02
1.478089764714241028e-02
3.207103163003921509e-02
1.433778437785804272e-03
1.751689612865447998e-02
-2.734875679016113281e-02
-2.463504672050476074e-02
-1.407811697572469711e-02
-1.147229131311178207e-02
-2.092476701363921165e-03
-3.236256912350654602e-02
-7.369178812950849533e-03
-1.886921562254428864e-02
-6.388111039996147156e-03
-2.964492887258529663e-02
-2.318850532174110413e-02
1.588250743225216866e-03
-3.014063276350498199e-02
-7.285511121153831482e-03
2.639593556523323059e-02
-3.079873276874423027e-03
1.546277105808258057e-02
-3.554014116525650024e-02
-2.747115492820739746e-02
-5.728929303586483002e-03
2.778033539652824402e-02
-1.988939754664897919e-02
-1.319565623998641968e-02
1.379776000976562500e-02
1.028209552168846130e-02
-1.208743453025817871e-02
-2.606845460832118988e-02
-2.579152397811412811e-02
2.052377909421920776e-02
4.900940228253602982e-03
-3.269640728831291199e-02
2.452957257628440857e-02
-3.134774416685104370e-02
-1.003914047032594681e-02
-4.815642721951007843e-03
-1.443481910973787308e-02
1.764141768217086792e-02
-4.151249676942825317e-02
-2.832346595823764801e-02
-3.172792866826057434e-02
-2.899645268917083740e-02
-8.848519995808601379e-03
-1.427279692143201828e-02
1.813671179115772247e-02
-2.262441627681255341e-02
2.687225863337516785e-02
1.577363535761833191e-02
-2.385564707219600677e-02
1.656527817249298096e-02
2.303195372223854065e-02
-1.919604837894439697e-03
1.069787517189979553e-02
-2.266318164765834808e-02
2.650102600455284119e-02
7.983230985701084137e-03
-1.819752342998981476e-02
-3.593527153134346008e-02
-6.385888904333114624e-03
3.107075754087418318e-04
-2.897586114704608917e-02
3.382233530282974243e-02
2.289565466344356537e-02
-1.591081172227859497e-02
-6.711164955049753189e-03
2.952897921204566956e-02
-1.175139937549829483e-02
1.052192039787769318e-02
-1.590452343225479126e-02
-2.543314546346664429e-02
1.122005749493837357e-02
1.466655638068914413e-02
-2.445323020219802856e-02
4.209705628454685211e-03
3.342958539724349976e-02
1.666896045207977295e-02
-5.615461152046918869e-03
1.473275106400251389e-02
-1.092076301574707031e-03
1.081357151269912720e-02
-2.203044295310974121e-02
-3.053905442357063293e-02
-1.296236086636781693e-02
-5.361665040254592896e-03
1.361951790750026703e-02
-2.363185957074165344e-02
-2.001754380762577057e-02
-2.561482973396778107e-02
-1.044986676424741745e-02
-6.419661454856395721e-03
-4.339263774454593658e-03
1.328573655337095261e-02
3.738210350275039673e-02
2.069468796253204346e-02
1.994197815656661987e-02
2.291801013052463531e-02
2.657600678503513336e-02
-5.775699857622385025e-03
-2.713056467473506927e-02
-1.899749971926212311e-02
2.102592960000038147e-02
1.155158504843711853e-02
1.697231084108352661e-03
6.327991839498281479e-03
1.211697887629270554e-02
-5.180804990231990814e-03
-2.305118739604949951e-02
-1.513684354722499847e-02
3.383254632353782654e-02
-3.271833062171936035e-02
1.875994354486465454e-02
1.327064353972673416e-03
3.497222065925598145e-02
2.651362679898738861e-02
-3.411652520298957825e-02
1.230728067457675934e-02
3.034829534590244293e-02
4.100217297673225403e-02
4.540518298745155334e-02
5.448110774159431458e-02
-7.959659211337566376e-03
2.751036919653415680e-02
3.863824531435966492e-02
3.713523223996162415e-02
4.895244911313056946e-02
-4.174406640231609344e-03
2.680530026555061340e-02
3.185594454407691956e-02
-2.111035585403442383e-02
1.886074803769588470e-02
-2.512092003598809242e-03
8.085491135716438293e-03
3.036599606275558472e-02
1.046259887516498566e-02
1.459409669041633606e-02
-1.301293820142745972e-02
-1.190377585589885712e-02
1.943390071392059326e-02
1.423872727900743484e-02
1.368279941380023956e-02
3.657868877053260803e-02
-1.603808440268039703e-02
-2.706072293221950531e-02
-2.158832177519798279e-02
1.832175441086292267e-02
1.381960883736610413e-02
2.668429352343082428e-02
4.116272181272506714e-02
3.070608340203762054e-02
-1.457250618841499090e-04
9.996527805924415588e-04
4.600428976118564606e-03
-9.921798482537269592e-03
1.291740778833627701e-02
8.068833500146865845e-03
5.676610395312309265e-03
-2.727870829403400421e-02
-3.306526690721511841e-02
-1.310877967625856400e-02
2.529414929449558258e-02
-8.919855579733848572e-03
9.434409439563751221e-04
4.892446100711822510e-03
1.296094059944152832e-02
1.476187258958816528e-02
2.755328081548213959e-02
3.394284471869468689e-02
-2.910199947655200958e-02
3.033118508756160736e-02
-1.151363458484411240e-02
-1.208283845335245132e-02
2.630155906081199646e-02
-8.396924473345279694e-03
4.631134867668151855e-02
-1.292716152966022491e-02
4.364454001188278198e-02
2.189650665968656540e-03
-1.207877229899168015e-02
-7.258431985974311829e-03
3.101389482617378235e-02
1.472457870841026306e-02
3.074614703655242920e-02
-1.902449131011962891e-02
1.597624970600008965e-03
-2.636787667870521545e-02
-2.926147542893886566e-02
-2.620878070592880249e-02
-2.005083113908767700e-02
3.287019208073616028e-02
-4.257705062627792358e-03
-1.644281856715679169e-02
2.761871740221977234e-02
1.903223618865013123e-02
3.275564406067132950e-03
1.420222967863082886e-02
-1.385598443448543549e-02
1.712291687726974487e-02
-1.736526246531866491e-05
6.179523654282093048e-03
1.220855396240949631e-02
-2.066726796329021454e-02
2.899621799588203430e-02
-1.422825269401073456e-02
3.219498787075281143e-03
2.934078499674797058e-02
-1.177170779556035995e-02
6.516569759696722031e-03
5.180984735488891602e-02
4.013153165578842163e-02
2.930900640785694122e-02
-1.652625203132629395e-02
-2.759823389351367950e-02
-2.335023134946823120e-02
-8.677938021719455719e-03
-1.776805520057678223e-02
5.890596192330121994e-03
2.300358563661575317e-02
-4.273835569620132446e-03
-1.902808994054794312e-02
3.921184688806533813e-03
3.015226311981678009e-02
-4.855412989854812622e-03
-3.047751449048519135e-02
2.324898354709148407e-02
4.004776012152433395e-03
3.107923455536365509e-02
2.427462674677371979e-02
1.721385121345520020e-02
3.821713477373123169e-02
3.749797865748405457e-02
-1.910013519227504730e-02
-3.559139370918273926e-02
-2.366226539015769958e-02
5.886734463274478912e-03
-6.052987184375524521e-03
1.833316683769226074e-02
5.053642764687538147e-02
-1.067674439400434494e-02
4.274726286530494690e-02
-1.262106094509363174e-02
7.650856423424556851e-05
-2.962177433073520660e-02
2.816639281809329987e-02
2.423016168177127838e-02
6.479714065790176392e-03
-1.485531218349933624e-02
-2.132879570126533508e-02
-3.125585615634918213e-02
1.093635987490415573e-02
7.633625995367765427e-03
3.247863799333572388e-02
6.974679417908191681e-03
3.479498252272605896e-02
1.343791000545024872e-02
3.994120657444000244e-02
1.681833341717720032e-02
-1.683858409523963928e-02
3.506405651569366455e-02
-2.532527782022953033e-03
2.998749911785125732e-02
-5.362260155379772186e-03
3.880567848682403564e-02
4.225733503699302673e-02
-2.304538356838747859e-04
-9.224494569934904575e-04
2.637617755681276321e-03
3.017212264239788055e-02
2.524594962596893311e-02
2.825794182717800140e-02
-2.688950672745704651e-02
4.946145694702863693e-03
2.244909852743148804e-02
2.235214598476886749e-02
2.331453934311866760e-02
-1.428011618554592133e-02
1.062270998954772949e-02
-2.703772159293293953e-03
1.132408250123262405e-02
-4.420589655637741089e-03
-4.868259187787771225e-03
-2.252993918955326080e-02
5.288881249725818634e-03
-4.226512741297483444e-03
2.897953614592552185e-02
3.132078796625137329e-02
6.045442540198564529e-03
-7.730575278401374817e-03
2.527033537626266479e-02
-2.027351409196853638e-02
1.168666966259479523e-02
5.054885894060134888e-02
2.910318598151206970e-02
1.441267505288124084e-02
1.272567920386791229e-02
-8.858557790517807007e-03
2.736862981691956520e-03
2.937519922852516174e-02
1.208546804264187813e-03
1.467667892575263977e-02
7.295013871043920517e-03
-2.859053574502468109e-02
2.869684621691703796e-02
3.401995077729225159e-02
9.057618677616119385e-03
1.730092801153659821e-02
-3.085673227906227112e-02
-1.129945646971464157e-02
3.484743833541870117e-02
2.601971291005611420e-02
3.722740337252616882e-02
-2.157282270491123199e-02
-1.270962320268154144e-02
-2.652280405163764954e-02
-1.890244334936141968e-02
-8.879246190190315247e-03
6.500766612589359283e-03
3.809786587953567505e-02
1.955593563616275787e-02
3.333543986082077026e-02
3.161849454045295715e-02
4.248218983411788940e-02
-1.139765512198209763e-02
-9.180044755339622498e-03
-5.111767444759607315e-03
-3.012428618967533112e-02
4.022952169179916382e-03
-2.101135626435279846e-02
-1.131674274802207947e-02
2.920132502913475037e-02
-1.149241439998149872e-02
-2.064996212720870972e-02
-1.656100153923034668e-02
2.599712088704109192e-02
-1.365663390606641769e-02
-3.144162893295288086e-02
2.437908016145229340e-02
-5.561345722526311874e-03
-2.284265309572219849e-02
2.898711897432804108e-02
-2.110566385090351105e-02
1.509299222379922867e-02
1.937310397624969482e-02
