3.802000880241394043e-01
2.907000482082366943e-01
3.696000277996063232e-01
3.798999488353729248e-01
4.266000092029571533e-01
5.152999758720397949e-01
6.586998105049133301e-01
6.217998862266540527e-01
7.121998071670532227e-01
7.604999542236328125e-01
7.074999213218688965e-01
7.201000452041625977e-01
7.830998897552490234e-01
7.577000260353088379e-01
7.538001537322998047e-01
8.095000386238098145e-01
7.930003404617309570e-01
7.475998401641845703e-01
8.521000146865844727e-01
7.108001112937927246e-01
8.352001309394836426e-01
8.184000253677368164e-01
8.253000378608703613e-01
8.756999373435974121e-01
8.173000216484069824e-01
8.169000744819641113e-01
8.460999131202697754e-01
8.750001788139343262e-01
8.505001068115234375e-01
8.212999105453491211e-01
8.693000674247741699e-01
8.708000779151916504e-01
9.023998975753784180e-01
8.681001067161560059e-01
8.735002875328063965e-01
8.634999990463256836e-01
8.804000616073608398e-01
8.664001226425170898e-01
8.344002366065979004e-01
8.539000749588012695e-01
8.619000911712646484e-01
8.908001780509948730e-01
8.838999271392822266e-01
9.022001028060913086e-01
8.945001363754272461e-01
9.021998047828674316e-01
9.066000580787658691e-01
9.013997912406921387e-01
9.122000336647033691e-01
9.026001095771789551e-01
8.937999606132507324e-01
8.980998992919921875e-01
9.133001565933227539e-01
9.117999076843261719e-01
9.092996716499328613e-01
9.052999019622802734e-01
9.027999639511108398e-01
9.192001223564147949e-01
9.143997430801391602e-01
9.205000996589660645e-01
9.098000526428222656e-01
9.195002913475036621e-01
9.211999773979187012e-01
9.025999307632446289e-01
8.991999626159667969e-01
9.017999768257141113e-01
9.235999584197998047e-01
9.010999202728271484e-01
9.134000539779663086e-01
9.137998819351196289e-01
9.168999195098876953e-01
9.203000664710998535e-01
9.114997386932373047e-01
9.265000224113464355e-01
9.095000624656677246e-01
9.209000468254089355e-01
9.275997877120971680e-01
9.150999188423156738e-01
9.228001236915588379e-01
9.340002536773681641e-01
9.096001386642456055e-01
9.200997948646545410e-01
9.277999401092529297e-01
8.825999498367309570e-01
9.262998700141906738e-01
9.186000823974609375e-01
9.288999438285827637e-01
9.301000237464904785e-01
9.233998656272888184e-01
9.259999990463256836e-01
9.283000230789184570e-01
9.313999414443969727e-01
8.909998536109924316e-01
9.272000789642333984e-01
9.356000423431396484e-01
9.294003248214721680e-01
9.242001175880432129e-01
8.967000842094421387e-01
9.360002875328063965e-01
9.365999102592468262e-01
