2.533999979496002197e-01
1.958999484777450562e-01
3.352000117301940918e-01
4.036999642848968506e-01
5.107000470161437988e-01
4.177999496459960938e-01
5.528998970985412598e-01
5.271000862121582031e-01
4.493998587131500244e-01
6.361998915672302246e-01
5.109999775886535645e-01
5.732000470161437988e-01
6.899999976158142090e-01
7.752999663352966309e-01
7.983000874519348145e-01
7.683001756668090820e-01
7.642001509666442871e-01
7.716001868247985840e-01
7.890999317169189453e-01
6.237999796867370605e-01
8.119999170303344727e-01
7.213001251220703125e-01
6.692000031471252441e-01
5.983000397682189941e-01
7.188999652862548828e-01
7.804000973701477051e-01
6.456000804901123047e-01
8.069999814033508301e-01
8.083997964859008789e-01
7.228001356124877930e-01
7.803000807762145996e-01
7.853000164031982422e-01
8.161997795104980469e-01
8.434001207351684570e-01
8.482000231742858887e-01
8.103000521659851074e-01
8.223999738693237305e-01
7.787001729011535645e-01
8.839000463485717773e-01
8.712999224662780762e-01
8.833000063896179199e-01
8.353000879287719727e-01
8.608001470565795898e-01
8.493998646736145020e-01
8.879002332687377930e-01
8.262999653816223145e-01
8.615000247955322266e-01
8.474999070167541504e-01
8.911999464035034180e-01
8.010001182556152344e-01
8.218000531196594238e-01
8.504003286361694336e-01
8.111000061035156250e-01
8.630998730659484863e-01
8.442000746726989746e-01
8.829001784324645996e-01
8.632999658584594727e-01
9.098999500274658203e-01
8.815999627113342285e-01
8.939999938011169434e-01
9.079001545906066895e-01
8.250002264976501465e-01
9.100997447967529297e-01
8.566998839378356934e-01
8.853001594543457031e-01
8.809001445770263672e-01
8.980998992919921875e-01
8.795998096466064453e-01
8.744000792503356934e-01
9.042001366615295410e-01
8.741999864578247070e-01
8.937002420425415039e-01
8.865999579429626465e-01
8.952000141143798828e-01
8.766000866889953613e-01
8.804000020027160645e-01
8.826999068260192871e-01
8.979998230934143066e-01
8.920999169349670410e-01
8.824002742767333984e-01
8.958001136779785156e-01
8.808000087738037109e-01
8.953999876976013184e-01
8.738999962806701660e-01
8.943001031875610352e-01
8.754997849464416504e-01
8.707001209259033203e-01
9.136998653411865234e-01
8.687999844551086426e-01
8.990999460220336914e-01
8.809000253677368164e-01
9.031999707221984863e-01
8.959999680519104004e-01
8.920001387596130371e-01
9.058000445365905762e-01
7.346999645233154297e-01
8.803000450134277344e-01
8.944999575614929199e-01
9.087001085281372070e-01
8.853000402450561523e-01
