3.184000551700592041e-01
4.406999349594116211e-01
5.161999464035034180e-01
5.687001347541809082e-01
6.226999759674072266e-01
6.658999919891357422e-01
6.984000205993652344e-01
7.200000882148742676e-01
6.768999695777893066e-01
7.346000671386718750e-01
7.477999925613403320e-01
7.858001589775085449e-01
8.200002312660217285e-01
7.694001197814941406e-01
7.690998911857604980e-01
7.849999070167541504e-01
8.310999870300292969e-01
7.925999164581298828e-01
8.018999695777893066e-01
8.326001167297363281e-01
8.420001864433288574e-01
8.603000640869140625e-01
8.272999525070190430e-01
8.356001377105712891e-01
8.498001694679260254e-01
8.756000399589538574e-01
8.528997898101806641e-01
8.603002429008483887e-01
8.389002084732055664e-01
8.622000217437744141e-01
8.290998935699462891e-01
8.262001872062683105e-01
8.166000843048095703e-01
8.346000909805297852e-01
8.891000151634216309e-01
8.714000582695007324e-01
8.753997683525085449e-01
8.737000226974487305e-01
8.344001770019531250e-01
8.719999194145202637e-01
8.739999532699584961e-01
8.929002285003662109e-01
8.646999597549438477e-01
8.740999698638916016e-01
8.454002141952514648e-01
8.744001984596252441e-01
8.845000267028808594e-01
9.017999768257141113e-01
8.907001018524169922e-01
8.772999048233032227e-01
8.547001481056213379e-01
8.411999344825744629e-01
8.751000761985778809e-01
9.020001292228698730e-01
8.949001431465148926e-01
9.018998742103576660e-01
8.860999941825866699e-01
8.892998695373535156e-01
8.971001505851745605e-01
8.990001678466796875e-01
8.855999708175659180e-01
9.090000391006469727e-01
8.977000713348388672e-01
8.805001974105834961e-01
8.471998572349548340e-01
8.932999968528747559e-01
8.804998993873596191e-01
9.044000506401062012e-01
8.839000463485717773e-01
9.056001305580139160e-01
8.939001560211181641e-01
9.083000421524047852e-01
9.067997932434082031e-01
9.026999473571777344e-01
8.939999938011169434e-01
9.038998484611511230e-01
9.047001600265502930e-01
9.012000560760498047e-01
8.917998671531677246e-01
8.685999512672424316e-01
8.981001377105712891e-01
8.882997632026672363e-01
9.112000465393066406e-01
9.116001129150390625e-01
9.109002947807312012e-01
9.132000207901000977e-01
8.949000835418701172e-01
9.094000458717346191e-01
9.111000895500183105e-01
9.118000864982604980e-01
8.940999507904052734e-01
9.093999266624450684e-01
9.183000326156616211e-01
9.068999290466308594e-01
9.110000729560852051e-01
8.826001882553100586e-01
9.020998477935791016e-01
8.868999481201171875e-01
9.101000428199768066e-01
9.153999090194702148e-01
