3.846000432968139648e-01
2.810000479221343994e-01
2.246998846530914307e-01
4.641000330448150635e-01
2.031999826431274414e-01
4.967998564243316650e-01
4.012999832630157471e-01
5.779000520706176758e-01
5.874000787734985352e-01
6.654999256134033203e-01
6.136001348495483398e-01
6.267999410629272461e-01
6.758000254631042480e-01
6.971000432968139648e-01
6.431000232696533203e-01
6.815000772476196289e-01
7.393998503684997559e-01
8.022000789642333984e-01
7.792000770568847656e-01
7.527999877929687500e-01
7.375999689102172852e-01
7.404999732971191406e-01
8.122000098228454590e-01
7.774999737739562988e-01
7.861998677253723145e-01
8.364001512527465820e-01
8.175999522209167480e-01
7.851998805999755859e-01
7.986999750137329102e-01
8.023999929428100586e-01
7.982999682426452637e-01
8.195999264717102051e-01
7.454001903533935547e-01
8.754000663757324219e-01
8.555001616477966309e-01
7.887001633644104004e-01
7.330000996589660645e-01
8.121000528335571289e-01
8.819002509117126465e-01
8.889001607894897461e-01
9.076998829841613770e-01
8.353002071380615234e-01
8.466000556945800781e-01
8.910001516342163086e-01
8.818998932838439941e-01
8.790000081062316895e-01
8.797999620437622070e-01
8.898999691009521484e-01
8.748999238014221191e-01
9.059003591537475586e-01
8.875000476837158203e-01
8.167999386787414551e-01
7.628999352455139160e-01
9.034999608993530273e-01
9.069000482559204102e-01
9.185999035835266113e-01
8.624002337455749512e-01
8.547003269195556641e-01
8.891999721527099609e-01
9.097998738288879395e-01
9.017001986503601074e-01
8.623000979423522949e-01
8.929999470710754395e-01
9.079001545906066895e-01
8.943998813629150391e-01
9.157000780105590820e-01
9.220001697540283203e-01
8.962999582290649414e-01
9.216998219490051270e-01
9.190998077392578125e-01
9.092999100685119629e-01
8.936001062393188477e-01
9.127000570297241211e-01
9.187999963760375977e-01
9.163000583648681641e-01
9.066003561019897461e-01
8.930998444557189941e-01
9.173998832702636719e-01
9.198000431060791016e-01
9.156001806259155273e-01
8.909999132156372070e-01
9.096999168395996094e-01
8.644999861717224121e-01
9.170003533363342285e-01
9.110996127128601074e-01
8.948002457618713379e-01
9.161001443862915039e-01
8.463999032974243164e-01
9.165000915527343750e-01
9.261001348495483398e-01
8.860998749732971191e-01
9.205999970436096191e-01
9.295997619628906250e-01
8.913997411727905273e-01
8.994001746177673340e-01
9.260999560356140137e-01
9.221999645233154297e-01
9.278000593185424805e-01
9.169000983238220215e-01
8.658999800682067871e-01
