3.720999956130981445e-01
4.363998472690582275e-01
3.966999948024749756e-01
7.043999433517456055e-01
5.494998693466186523e-01
6.104999780654907227e-01
6.833000779151916504e-01
7.335000634193420410e-01
7.244998216629028320e-01
6.875997781753540039e-01
7.452999353408813477e-01
7.837999463081359863e-01
7.490000724792480469e-01
7.780999541282653809e-01
7.573001384735107422e-01
8.100000619888305664e-01
7.996003031730651855e-01
7.966002821922302246e-01
8.149002194404602051e-01
8.508000373840332031e-01
7.984001636505126953e-01
8.052999377250671387e-01
8.380999565124511719e-01
8.403999805450439453e-01
8.440999388694763184e-01
8.469000458717346191e-01
8.088000416755676270e-01
8.182000517845153809e-01
8.296000957489013672e-01
8.047000765800476074e-01
8.153001666069030762e-01
8.100998401641845703e-01
8.274999856948852539e-01
8.256999850273132324e-01
8.234000205993652344e-01
8.190000653266906738e-01
8.420001864433288574e-01
8.280002474784851074e-01
8.358004689216613770e-01
8.777999281883239746e-01
8.829999566078186035e-01
8.593000173568725586e-01
8.503999114036560059e-01
8.294000029563903809e-01
8.608000874519348145e-01
8.797999620437622070e-01
8.964999318122863770e-01
8.375999331474304199e-01
8.619998693466186523e-01
8.982999920845031738e-01
8.364000916481018066e-01
8.318999409675598145e-01
8.316001296043395996e-01
8.899998664855957031e-01
8.986998796463012695e-01
9.097997546195983887e-01
8.947998881340026855e-01
8.479000329971313477e-01
8.715001940727233887e-01
8.901000022888183594e-01
9.164000153541564941e-01
9.024999141693115234e-01
9.115999341011047363e-01
8.811001777648925781e-01
8.811001777648925781e-01
8.840000629425048828e-01
9.111000299453735352e-01
9.018996953964233398e-01
8.889000415802001953e-01
8.904001116752624512e-01
8.908998966217041016e-01
9.037998318672180176e-01
8.878999352455139160e-01
9.124998450279235840e-01
8.793000578880310059e-01
8.855003118515014648e-01
8.969001173973083496e-01
9.176999926567077637e-01
9.068998694419860840e-01
8.807000517845153809e-01
8.885999917984008789e-01
9.148998260498046875e-01
9.016999602317810059e-01
8.856001496315002441e-01
8.989999890327453613e-01
8.907999992370605469e-01
8.945999145507812500e-01
9.040998816490173340e-01
9.061000347137451172e-01
9.031000733375549316e-01
8.921999931335449219e-01
8.899002671241760254e-01
9.056999087333679199e-01
8.864001631736755371e-01
8.998000621795654297e-01
9.195998907089233398e-01
9.170998334884643555e-01
8.946000933647155762e-01
9.129998087882995605e-01
8.884000182151794434e-01
