3.377000093460083008e-01
2.168998867273330688e-01
3.994999229907989502e-01
5.276001691818237305e-01
6.877999901771545410e-01
6.542000770568847656e-01
7.921000123023986816e-01
7.819000482559204102e-01
6.966999173164367676e-01
7.202999591827392578e-01
8.177001476287841797e-01
8.429000973701477051e-01
8.330999612808227539e-01
8.239997625350952148e-01
8.466001152992248535e-01
8.678001165390014648e-01
8.767002224922180176e-01
8.606000542640686035e-01
8.603000640869140625e-01
8.770002722740173340e-01
8.720000982284545898e-01
8.938001394271850586e-01
8.901000022888183594e-01
8.796002268791198730e-01
8.993999958038330078e-01
8.840000033378601074e-01
8.847000002861022949e-01
8.801001906394958496e-01
8.890998363494873047e-01
8.942000865936279297e-01
8.871002197265625000e-01
8.575998544692993164e-01
8.945001363754272461e-01
9.077000617980957031e-01
9.059000611305236816e-01
9.091001152992248535e-01
8.924000263214111328e-01
9.069000482559204102e-01
9.059001207351684570e-01
9.114997982978820801e-01
9.057998657226562500e-01
9.142001271247863770e-01
9.222001433372497559e-01
9.140998721122741699e-01
9.156000018119812012e-01
9.181000590324401855e-01
9.159000515937805176e-01
9.208000302314758301e-01
9.026998877525329590e-01
9.203999042510986328e-01
9.230000376701354980e-01
9.185001254081726074e-01
9.222000241279602051e-01
9.004001021385192871e-01
9.251000285148620605e-01
9.222001433372497559e-01
9.237998723983764648e-01
9.145998954772949219e-01
9.118001461029052734e-01
9.243001341819763184e-01
9.281002879142761230e-01
9.232000112533569336e-01
9.294002056121826172e-01
9.308998584747314453e-01
9.156001210212707520e-01
9.303002357482910156e-01
9.212999939918518066e-01
9.332001209259033203e-01
9.304000139236450195e-01
9.267999529838562012e-01
9.229000806808471680e-01
9.215000271797180176e-01
9.321001172065734863e-01
9.335001111030578613e-01
9.204997420310974121e-01
9.321002364158630371e-01
9.301000833511352539e-01
9.272999763488769531e-01
9.277001023292541504e-01
9.365002512931823730e-01
9.345002770423889160e-01
9.217000603675842285e-01
9.298000931739807129e-01
9.306002259254455566e-01
9.279001355171203613e-01
9.309000968933105469e-01
9.339002966880798340e-01
9.316002130508422852e-01
9.321000576019287109e-01
9.311002492904663086e-01
9.253000020980834961e-01
9.292000532150268555e-01
9.383002519607543945e-01
9.315003156661987305e-01
9.369000792503356934e-01
9.319002628326416016e-01
9.378000497817993164e-01
9.399000406265258789e-01
9.382001757621765137e-01
9.403002858161926270e-01
