3.973000347614288330e-01
5.147999525070190430e-01
4.453999996185302734e-01
5.861001014709472656e-01
5.982000231742858887e-01
6.558000445365905762e-01
6.880998015403747559e-01
7.177002429962158203e-01
7.512000799179077148e-01
7.736998796463012695e-01
8.428997993469238281e-01
8.518000245094299316e-01
8.582000732421875000e-01
8.485001325607299805e-01
8.339000940322875977e-01
8.766998052597045898e-01
8.661002516746520996e-01
8.852000236511230469e-01
8.814000487327575684e-01
8.856998682022094727e-01
8.929001092910766602e-01
8.833001852035522461e-01
8.694000244140625000e-01
8.908999562263488770e-01
9.012001752853393555e-01
9.003999233245849609e-01
9.102000594139099121e-01
9.006000757217407227e-01
8.994998931884765625e-01
9.122997522354125977e-01
9.036998152732849121e-01
9.115000963211059570e-01
9.229999780654907227e-01
9.148000478744506836e-01
9.039000868797302246e-01
9.145998358726501465e-01
9.136000275611877441e-01
9.244000911712646484e-01
9.216000437736511230e-01
9.243998527526855469e-01
9.256997704505920410e-01
9.171998500823974609e-01
9.232998490333557129e-01
9.284000992774963379e-01
9.311001300811767578e-01
9.340002536773681641e-01
9.285000562667846680e-01
9.276998043060302734e-01
9.391002058982849121e-01
9.326000809669494629e-01
9.356002211570739746e-01
9.362002611160278320e-01
9.383002519607543945e-01
9.399002790451049805e-01
9.360001087188720703e-01
9.380002021789550781e-01
9.373000264167785645e-01
9.391000866889953613e-01
9.378003478050231934e-01
9.377999305725097656e-01
9.424999952316284180e-01
9.405001997947692871e-01
9.437000751495361328e-01
9.411001801490783691e-01
9.432998895645141602e-01
9.455002546310424805e-01
9.446003437042236328e-01
9.447003006935119629e-01
9.424002766609191895e-01
9.456001520156860352e-01
9.450004696846008301e-01
9.406002759933471680e-01
9.453002214431762695e-01
9.487000107765197754e-01
9.425999522209167480e-01
9.476997852325439453e-01
9.437000155448913574e-01
9.462002515792846680e-01
9.460000395774841309e-01
9.459002017974853516e-01
9.457002878189086914e-01
9.468998908996582031e-01
9.476001262664794922e-01
9.481999874114990234e-01
9.492002129554748535e-01
9.504001736640930176e-01
9.478000402450561523e-01
9.464000463485717773e-01
9.499999880790710449e-01
9.503000378608703613e-01
9.473002552986145020e-01
9.470003247261047363e-01
9.476999640464782715e-01
9.488002061843872070e-01
9.511001110076904297e-01
9.518001079559326172e-01
9.521999955177307129e-01
9.506001472473144531e-01
9.514000415802001953e-01
9.513001441955566406e-01
