3.680000305175781250e-01
1.978999674320220947e-01
4.873999357223510742e-01
4.132999777793884277e-01
5.378999114036560059e-01
4.575999081134796143e-01
5.090001225471496582e-01
4.394999444484710693e-01
5.331000089645385742e-01
4.827000498771667480e-01
6.224000453948974609e-01
6.141999363899230957e-01
5.867001414299011230e-01
6.808998584747314453e-01
6.863998174667358398e-01
5.937000513076782227e-01
6.608998775482177734e-01
7.113999724388122559e-01
7.401999831199645996e-01
7.969999909400939941e-01
7.216998934745788574e-01
6.442999243736267090e-01
7.395999431610107422e-01
7.878997921943664551e-01
6.906999945640563965e-01
7.587001323699951172e-01
7.484999895095825195e-01
6.892998218536376953e-01
7.508000135421752930e-01
7.547999620437622070e-01
8.317000865936279297e-01
8.445001244544982910e-01
7.936000227928161621e-01
8.309999704360961914e-01
7.774999737739562988e-01
8.456999063491821289e-01
8.231999874114990234e-01
8.202001452445983887e-01
6.762000918388366699e-01
7.577000260353088379e-01
8.185000419616699219e-01
7.177001833915710449e-01
7.781999111175537109e-01
7.650997042655944824e-01
8.493000864982604980e-01
8.047000765800476074e-01
8.441999554634094238e-01
8.195000290870666504e-01
8.458001017570495605e-01
8.645000457763671875e-01
8.603002429008483887e-01
8.095002770423889160e-01
8.323001861572265625e-01
8.713999390602111816e-01
8.583000302314758301e-01
8.620998859405517578e-01
8.765999674797058105e-01
8.593000769615173340e-01
8.508001565933227539e-01
8.044000864028930664e-01
8.655999898910522461e-01
8.641999959945678711e-01
8.610002398490905762e-01
8.039002418518066406e-01
8.082000017166137695e-01
8.022998571395874023e-01
8.659000396728515625e-01
8.483000397682189941e-01
8.861999511718750000e-01
8.930999040603637695e-01
8.800999522209167480e-01
8.024001121520996094e-01
8.523001670837402344e-01
8.928002119064331055e-01
8.694999814033508301e-01
8.786997199058532715e-01
8.358001708984375000e-01
8.691999316215515137e-01
8.807999491691589355e-01
8.834000229835510254e-01
8.883001804351806641e-01
8.828000426292419434e-01
8.991999626159667969e-01
8.912000060081481934e-01
8.508999347686767578e-01
8.339999318122863770e-01
8.721001148223876953e-01
8.827000260353088379e-01
8.749000430107116699e-01
8.945998549461364746e-01
8.961001038551330566e-01
8.740003705024719238e-01
8.812000751495361328e-01
8.835999965667724609e-01
8.885998725891113281e-01
8.795002698898315430e-01
9.092999100685119629e-01
8.549000024795532227e-01
8.900999426841735840e-01
9.058998823165893555e-01
