3.422000408172607422e-01
2.510999739170074463e-01
5.236000418663024902e-01
3.233000040054321289e-01
5.091000199317932129e-01
4.428000152111053467e-01
6.287999153137207031e-01
5.738999843597412109e-01
5.635000467300415039e-01
7.095000743865966797e-01
6.634000539779663086e-01
6.154001355171203613e-01
8.361999392509460449e-01
8.015002608299255371e-01
6.729998588562011719e-01
7.235998511314392090e-01
7.052000164985656738e-01
7.588997483253479004e-01
7.601000070571899414e-01
7.265000343322753906e-01
7.305000424385070801e-01
8.331002593040466309e-01
8.803002834320068359e-01
8.579999804496765137e-01
8.822000622749328613e-01
7.400998473167419434e-01
8.133001923561096191e-01
7.962998747825622559e-01
8.739001750946044922e-01
8.885001540184020996e-01
8.845003247261047363e-01
8.613002300262451172e-01
8.404998183250427246e-01
7.730999588966369629e-01
8.242999911308288574e-01
8.300999402999877930e-01
8.953999876976013184e-01
8.540999889373779297e-01
8.069002032279968262e-01
8.856999278068542480e-01
8.822999596595764160e-01
8.427001237869262695e-01
7.934998869895935059e-01
8.255001306533813477e-01
8.558998703956604004e-01
8.856999278068542480e-01
7.986999750137329102e-01
8.841001391410827637e-01
9.013000726699829102e-01
8.132999539375305176e-01
8.512003421783447266e-01
8.861001729965209961e-01
8.995002508163452148e-01
9.110000133514404297e-01
8.685000538825988770e-01
9.048998951911926270e-01
8.773002028465270996e-01
8.433001637458801270e-01
8.582000136375427246e-01
8.687000870704650879e-01
8.639001250267028809e-01
8.816002011299133301e-01
8.855001926422119141e-01
8.911001086235046387e-01
8.641000390052795410e-01
8.903003931045532227e-01
8.997999429702758789e-01
8.884001374244689941e-01
8.683000802993774414e-01
9.053001403808593750e-01
8.691000342369079590e-01
8.533001542091369629e-01
9.097998142242431641e-01
8.657000064849853516e-01
9.139000773429870605e-01
9.042999744415283203e-01
8.957999944686889648e-01
8.548001050949096680e-01
9.045000672340393066e-01
9.194000363349914551e-01
9.020999073982238770e-01
8.889997005462646484e-01
8.986001014709472656e-01
8.751000165939331055e-01
9.048999547958374023e-01
9.222000241279602051e-01
8.962998390197753906e-01
8.800000548362731934e-01
9.186998009681701660e-01
8.522000312805175781e-01
9.177001118659973145e-01
9.209001660346984863e-01
8.481003046035766602e-01
8.334001898765563965e-01
9.231002330780029297e-01
9.197000265121459961e-01
9.206000566482543945e-01
9.042001366615295410e-01
9.176002740859985352e-01
8.888000249862670898e-01
