3.621999025344848633e-01
2.950999438762664795e-01
3.428999185562133789e-01
5.122999548912048340e-01
5.515000820159912109e-01
4.935999214649200439e-01
6.449999213218688965e-01
6.300000548362731934e-01
6.957999467849731445e-01
6.975001692771911621e-01
6.803999543190002441e-01
7.443000078201293945e-01
7.823998332023620605e-01
7.363997697830200195e-01
8.299000263214111328e-01
8.318998813629150391e-01
8.065998554229736328e-01
7.766998410224914551e-01
8.320001363754272461e-01
8.142997622489929199e-01
8.319001197814941406e-01
8.637000918388366699e-01
8.721999526023864746e-01
8.706002831459045410e-01
8.815999627113342285e-01
8.585000634193420410e-01
8.728999495506286621e-01
8.863997459411621094e-01
8.786002993583679199e-01
8.902000188827514648e-01
8.901998996734619141e-01
8.890001773834228516e-01
9.084001183509826660e-01
8.868998885154724121e-01
8.763999938964843750e-01
8.670999407768249512e-01
8.794002532958984375e-01
8.946000933647155762e-01
9.038999080657958984e-01
9.105004072189331055e-01
9.000998735427856445e-01
8.890998959541320801e-01
9.134002923965454102e-01
8.968001008033752441e-01
8.984998464584350586e-01
9.087997674942016602e-01
9.104001522064208984e-01
8.634002208709716797e-01
9.235000610351562500e-01
9.151000380516052246e-01
9.255000948905944824e-01
9.159003496170043945e-01
9.206000566482543945e-01
9.193001389503479004e-01
9.283997416496276855e-01
9.121997952461242676e-01
9.085000753402709961e-01
9.166001677513122559e-01
9.172999858856201172e-01
9.254000782966613770e-01
9.131001234054565430e-01
9.151000380516052246e-01
9.312000870704650879e-01
9.324000477790832520e-01
9.226000308990478516e-01
9.314002990722656250e-01
9.287998676300048828e-01
9.223000407218933105e-01
9.172998070716857910e-01
9.192000627517700195e-01
9.306000471115112305e-01
9.096999168395996094e-01
9.258000254631042480e-01
9.154001474380493164e-01
9.271000623703002930e-01
9.314000606536865234e-01
9.190999865531921387e-01
9.294002652168273926e-01
9.200999736785888672e-01
9.140000343322753906e-01
9.263001084327697754e-01
9.290000200271606445e-01
9.348000288009643555e-01
9.102001190185546875e-01
9.170001745223999023e-01
9.154001474380493164e-01
9.368002414703369141e-01
9.362002611160278320e-01
9.354003071784973145e-01
9.310001134872436523e-01
9.373002052307128906e-01
9.324000477790832520e-01
9.343000650405883789e-01
9.335000514984130859e-01
9.368001818656921387e-01
9.324003458023071289e-01
9.063000679016113281e-01
9.292001128196716309e-01
9.365999698638916016e-01
9.361000657081604004e-01
