5.100000500679016113e-01
5.179999470710754395e-01
5.112000107765197754e-01
5.763999819755554199e-01
6.649999022483825684e-01
6.677998900413513184e-01
6.633999347686767578e-01
7.005999088287353516e-01
7.072001099586486816e-01
7.280998826026916504e-01
7.119998931884765625e-01
7.939999103546142578e-01
7.723002433776855469e-01
7.985002994537353516e-01
7.992001175880432129e-01
8.359002470970153809e-01
8.427001237869262695e-01
8.172999620437622070e-01
8.313001394271850586e-01
8.259999752044677734e-01
8.655002117156982422e-01
8.023999929428100586e-01
8.266001939773559570e-01
8.468999266624450684e-01
8.500998616218566895e-01
8.736003637313842773e-01
8.709000349044799805e-01
8.761003017425537109e-01
8.788002133369445801e-01
8.933001160621643066e-01
8.922002315521240234e-01
8.836000561714172363e-01
8.958998918533325195e-01
8.955999612808227539e-01
8.722999691963195801e-01
8.943002223968505859e-01
8.768000602722167969e-01
8.856002688407897949e-01
8.989001512527465820e-01
9.065000414848327637e-01
9.014001488685607910e-01
8.974003791809082031e-01
9.086000323295593262e-01
9.057002067565917969e-01
9.139000177383422852e-01
9.045001268386840820e-01
9.033999443054199219e-01
9.113001227378845215e-01
9.102002978324890137e-01
9.118000268936157227e-01
9.095000624656677246e-01
9.084999561309814453e-01
9.143002033233642578e-01
9.098003506660461426e-01
9.051000475883483887e-01
9.031001329421997070e-01
9.203999042510986328e-01
9.105001688003540039e-01
9.043995738029479980e-01
9.087001681327819824e-01
9.151001572608947754e-01
9.230997562408447266e-01
9.136999249458312988e-01
9.223999977111816406e-01
9.261999726295471191e-01
9.215000271797180176e-01
9.138001203536987305e-01
9.161000251770019531e-01
9.218002557754516602e-01
9.243000149726867676e-01
9.181001782417297363e-01
9.184998869895935059e-01
9.288999438285827637e-01
9.225001335144042969e-01
9.181002974510192871e-01
9.222999811172485352e-01
9.225001335144042969e-01
9.256001114845275879e-01
9.247998595237731934e-01
9.236998558044433594e-01
9.184001088142395020e-01
9.305999279022216797e-01
9.264000058174133301e-01
9.070998430252075195e-01
8.801001906394958496e-01
9.098999500274658203e-01
9.240001440048217773e-01
9.243000745773315430e-01
9.319002032279968262e-01
9.313000440597534180e-01
9.145001769065856934e-01
9.271999597549438477e-01
9.281000494956970215e-01
9.277001023292541504e-01
9.212002754211425781e-01
9.268003702163696289e-01
9.253000617027282715e-01
9.241000413894653320e-01
9.340000748634338379e-01
9.298998117446899414e-01
