4.553999602794647217e-01
2.938000261783599854e-01
4.587000906467437744e-01
5.496000051498413086e-01
5.518000721931457520e-01
6.934000253677368164e-01
6.643000245094299316e-01
7.221000790596008301e-01
7.274998426437377930e-01
6.546998620033264160e-01
6.677000522613525391e-01
7.407002449035644531e-01
7.764999270439147949e-01
7.982003092765808105e-01
7.898998260498046875e-01
8.193999528884887695e-01
8.297998905181884766e-01
8.583998680114746094e-01
8.498001098632812500e-01
8.309000134468078613e-01
8.489001393318176270e-01
8.505001068115234375e-01
8.145000934600830078e-01
8.693000078201293945e-01
8.558999896049499512e-01
8.515000343322753906e-01
8.592000603675842285e-01
8.602001070976257324e-01
8.441998362541198730e-01
8.736999034881591797e-01
8.599000573158264160e-01
8.831000328063964844e-01
8.926998972892761230e-01
8.614000082015991211e-01
8.905999660491943359e-01
8.660998344421386719e-01
8.889999985694885254e-01
9.002999067306518555e-01
9.059001207351684570e-01
8.946999907493591309e-01
8.960999250411987305e-01
8.657001256942749023e-01
8.984999060630798340e-01
8.888001441955566406e-01
8.442998528480529785e-01
8.814001679420471191e-01
9.011998176574707031e-01
8.985000848770141602e-01
8.947002291679382324e-01
9.043998718261718750e-01
9.167001247406005859e-01
9.220001101493835449e-01
8.983001708984375000e-01
8.904001116752624512e-01
8.947998881340026855e-01
9.065000414848327637e-01
9.112000465393066406e-01
9.118997454643249512e-01
9.196999073028564453e-01
9.171000123023986816e-01
9.179001450538635254e-01
9.180000424385070801e-01
9.205998778343200684e-01
9.193999767303466797e-01
9.019001126289367676e-01
9.154001474380493164e-01
9.103999137878417969e-01
9.093000292778015137e-01
9.174000620841979980e-01
9.259998202323913574e-01
9.121000766754150391e-01
9.105999469757080078e-01
8.845998644828796387e-01
9.145998954772949219e-01
9.301999807357788086e-01
9.173998236656188965e-01
9.223998785018920898e-01
9.217998385429382324e-01
9.194999933242797852e-01
9.247000217437744141e-01
9.232000112533569336e-01
9.164001345634460449e-01
9.185998439788818359e-01
9.277999401092529297e-01
9.224997758865356445e-01
9.228001236915588379e-01
9.220001101493835449e-01
9.263000488281250000e-01
9.232000708580017090e-01
9.280000329017639160e-01
9.328999519348144531e-01
9.247000813484191895e-01
9.331999421119689941e-01
9.208001494407653809e-01
9.321999549865722656e-01
9.219000935554504395e-01
9.214000701904296875e-01
9.285999536514282227e-01
9.301000833511352539e-01
9.341999888420104980e-01
