3.514999449253082275e-01
4.642001688480377197e-01
5.476000308990478516e-01
6.563999056816101074e-01
6.807000041007995605e-01
7.153001427650451660e-01
7.554000020027160645e-01
7.776999473571777344e-01
7.397000193595886230e-01
7.336000204086303711e-01
7.668998837471008301e-01
7.824001908302307129e-01
8.263999819755554199e-01
8.095999360084533691e-01
7.913000583648681641e-01
7.962001562118530273e-01
8.314002752304077148e-01
8.565002679824829102e-01
8.634000420570373535e-01
8.539000749588012695e-01
8.173999786376953125e-01
8.768002986907958984e-01
8.739998340606689453e-01
8.822996020317077637e-01
8.683002591133117676e-01
8.835999965667724609e-01
8.910001516342163086e-01
8.807000517845153809e-01
8.869999647140502930e-01
8.628002405166625977e-01
8.906999230384826660e-01
8.721000552177429199e-01
8.748999834060668945e-01
8.924002051353454590e-01
9.067000746726989746e-01
8.982998728752136230e-01
9.053001403808593750e-01
9.143000245094299316e-01
9.047000408172607422e-01
8.947998881340026855e-01
9.104000926017761230e-01
9.062997698783874512e-01
8.913001418113708496e-01
9.150998592376708984e-01
9.094003438949584961e-01
9.083001017570495605e-01
9.132001399993896484e-01
9.131000041961669922e-01
9.170998930931091309e-01
9.121999144554138184e-01
9.041001796722412109e-01
9.100999236106872559e-01
9.168000221252441406e-01
9.112999439239501953e-01
9.222000241279602051e-01
9.278997778892517090e-01
9.268999695777893066e-01
9.229998588562011719e-01
9.050001502037048340e-01
9.213002920150756836e-01
9.259998202323913574e-01
9.096000194549560547e-01
9.170998930931091309e-01
9.232999682426452637e-01
9.293997883796691895e-01
9.315001964569091797e-01
9.301002025604248047e-01
9.161001443862915039e-01
9.314000606536865234e-01
9.190999865531921387e-01
9.263999462127685547e-01
9.323000311851501465e-01
9.322999715805053711e-01
9.294000267982482910e-01
9.249000549316406250e-01
9.225997924804687500e-01
9.276000261306762695e-01
9.330002069473266602e-01
9.267999529838562012e-01
9.330000281333923340e-01
9.264000058174133301e-01
9.304998517036437988e-01
9.248000979423522949e-01
9.329999685287475586e-01
9.345000386238098145e-01
9.326997995376586914e-01
9.351000785827636719e-01
9.209001660346984863e-01
9.248999953269958496e-01
9.181000590324401855e-01
9.218997955322265625e-01
9.305999875068664551e-01
9.364001750946044922e-01
9.245998859405517578e-01
9.220002889633178711e-01
9.309999942779541016e-01
9.274997711181640625e-01
9.396997690200805664e-01
9.267001152038574219e-01
9.321999549865722656e-01
