4.158999621868133545e-01
3.036999404430389404e-01
3.958000242710113525e-01
7.184001207351684570e-01
6.647000312805175781e-01
6.575998663902282715e-01
7.157998681068420410e-01
7.590000629425048828e-01
7.865000963211059570e-01
7.669999599456787109e-01
8.366000652313232422e-01
8.474999070167541504e-01
8.266999125480651855e-01
8.394999504089355469e-01
8.071001172065734863e-01
8.445999622344970703e-01
8.764999508857727051e-01
8.495001196861267090e-01
8.724999427795410156e-01
8.386000990867614746e-01
8.622000813484191895e-01
8.463999032974243164e-01
8.841001391410827637e-01
8.856001496315002441e-01
8.838999867439270020e-01
8.912000060081481934e-01
8.932999372482299805e-01
8.979999423027038574e-01
8.932999372482299805e-01
8.960998654365539551e-01
8.947001099586486816e-01
8.668000698089599609e-01
8.985001444816589355e-01
8.950999975204467773e-01
8.838000297546386719e-01
8.873001337051391602e-01
9.110001325607299805e-01
9.092000722885131836e-01
9.115999341011047363e-01
9.120998978614807129e-01
9.054000973701477051e-01
9.125000834465026855e-01
9.090003967285156250e-01
9.066999554634094238e-01
9.172999858856201172e-01
9.103001952171325684e-01
9.182999134063720703e-01
9.092999100685119629e-01
9.193999767303466797e-01
9.208000898361206055e-01
9.239998459815979004e-01
9.236000180244445801e-01
9.210000038146972656e-01
9.232000708580017090e-01
9.254999756813049316e-01
9.201003313064575195e-01
9.192000627517700195e-01
9.097998142242431641e-01
9.263001084327697754e-01
9.238998293876647949e-01
9.280000925064086914e-01
9.280999898910522461e-01
9.280000925064086914e-01
9.258000850677490234e-01
9.261000752449035645e-01
9.264999628067016602e-01
9.282002449035644531e-01
9.302002787590026855e-01
9.319000840187072754e-01
9.297999739646911621e-01
9.178000688552856445e-01
9.324999451637268066e-01
9.299999475479125977e-01
9.348000288009643555e-01
9.337000846862792969e-01
9.334999322891235352e-01
9.225000143051147461e-01
9.335001111030578613e-01
9.343002438545227051e-01
9.351002573966979980e-01
9.336000680923461914e-01
9.356002211570739746e-01
9.253000020980834961e-01
9.280000329017639160e-01
9.395002126693725586e-01
9.397001862525939941e-01
9.347000122070312500e-01
9.406000375747680664e-01
9.293000698089599609e-01
9.311000108718872070e-01
9.343000054359436035e-01
9.343999624252319336e-01
9.396998882293701172e-01
9.401001930236816406e-01
9.399002790451049805e-01
9.435002803802490234e-01
9.445000290870666504e-01
9.386999011039733887e-01
9.419000148773193359e-01
9.408002495765686035e-01
