2.771999835968017578e-01
3.615000545978546143e-01
4.740999341011047363e-01
3.834999799728393555e-01
5.580001473426818848e-01
6.295999288558959961e-01
6.939998865127563477e-01
6.886999011039733887e-01
7.560998797416687012e-01
7.161000967025756836e-01
7.490001916885375977e-01
7.826000452041625977e-01
7.470000386238098145e-01
7.653999328613281250e-01
7.833997607231140137e-01
7.390001416206359863e-01
7.718999385833740234e-01
7.585000395774841309e-01
7.959998846054077148e-01
7.247998714447021484e-01
8.217998743057250977e-01
8.540999889373779297e-01
8.030998110771179199e-01
8.339000940322875977e-01
8.357003927230834961e-01
8.195998668670654297e-01
7.695002555847167969e-01
8.081000447273254395e-01
8.104997277259826660e-01
8.465999364852905273e-01
8.164998888969421387e-01
8.488999009132385254e-01
7.976998686790466309e-01
7.654999494552612305e-01
7.915998697280883789e-01
8.405999541282653809e-01
7.927998900413513184e-01
8.456997871398925781e-01
8.712998032569885254e-01
8.776000142097473145e-01
8.792999982833862305e-01
8.781998157501220703e-01
8.540000915527343750e-01
8.955999612808227539e-01
8.473002910614013672e-01
8.689998388290405273e-01
8.419001698493957520e-01
8.771000504493713379e-01
8.738000392913818359e-01
8.130999207496643066e-01
8.749999403953552246e-01
8.454000353813171387e-01
8.910999298095703125e-01
8.783999681472778320e-01
8.784002065658569336e-01
8.618998527526855469e-01
8.982002139091491699e-01
8.868997693061828613e-01
8.992998600006103516e-01
8.887999653816223145e-01
8.802001476287841797e-01
8.609998822212219238e-01
8.654000163078308105e-01
8.960999250411987305e-01
8.840000033378601074e-01
8.680002689361572266e-01
8.940001726150512695e-01
8.938998579978942871e-01
8.931999802589416504e-01
8.923001885414123535e-01
8.801001906394958496e-01
8.541000485420227051e-01
9.026998877525329590e-01
9.061000347137451172e-01
8.819001913070678711e-01
8.926998972892761230e-01
8.973001241683959961e-01
9.024998545646667480e-01
8.956002593040466309e-01
8.776999711990356445e-01
8.887997269630432129e-01
9.052999615669250488e-01
9.026000499725341797e-01
8.760999441146850586e-01
9.078998565673828125e-01
9.019002318382263184e-01
8.987001776695251465e-01
8.976001739501953125e-01
9.064002037048339844e-01
8.865002393722534180e-01
9.088998436927795410e-01
9.075998663902282715e-01
9.133998751640319824e-01
8.900998830795288086e-01
9.029000997543334961e-01
8.855999708175659180e-01
8.966999650001525879e-01
9.002999663352966309e-01
9.088000655174255371e-01
9.118002057075500488e-01
