4.012998342514038086e-01
5.059998631477355957e-01
4.386000335216522217e-01
3.904999196529388428e-01
6.197998523712158203e-01
6.507000923156738281e-01
7.382000684738159180e-01
7.005001902580261230e-01
6.290997862815856934e-01
7.234001159667968750e-01
7.415998578071594238e-01
6.682000756263732910e-01
7.919000983238220215e-01
8.061999678611755371e-01
7.655999064445495605e-01
7.397999763488769531e-01
8.105000257492065430e-01
7.606000304222106934e-01
7.435001134872436523e-01
8.291998505592346191e-01
7.796000838279724121e-01
8.355001807212829590e-01
8.471001386642456055e-01
8.176997303962707520e-01
8.500000238418579102e-01
8.590000271797180176e-01
8.458999395370483398e-01
8.607000708580017090e-01
8.198999166488647461e-01
8.210000395774841309e-01
8.421999216079711914e-01
8.627002239227294922e-01
8.451001644134521484e-01
8.375000953674316406e-01
8.208003044128417969e-01
8.785997629165649414e-01
8.362001776695251465e-01
8.557000160217285156e-01
8.404001593589782715e-01
8.527998924255371094e-01
8.483999371528625488e-01
8.823997974395751953e-01
8.683001995086669922e-01
8.468000888824462891e-01
8.664003014564514160e-01
8.897002935409545898e-01
8.553999066352844238e-01
8.546000123023986816e-01
8.725000023841857910e-01
8.957000970840454102e-01
8.860999941825866699e-01
8.778000473976135254e-01
8.970998525619506836e-01
8.874999880790710449e-01
8.925999999046325684e-01
8.980001211166381836e-01
9.009999036788940430e-01
8.822999596595764160e-01
8.910999894142150879e-01
8.785003423690795898e-01
9.026001095771789551e-01
8.923999667167663574e-01
8.603998422622680664e-01
9.002003669738769531e-01
9.038998484611511230e-01
9.034000635147094727e-01
8.771001696586608887e-01
9.106001257896423340e-01
9.024999737739562988e-01
9.057999253273010254e-01
8.880001306533813477e-01
8.991001844406127930e-01
8.941001892089843750e-01
8.880001902580261230e-01
8.913999199867248535e-01
8.670999407768249512e-01
9.044998884201049805e-01
9.016999602317810059e-01
8.974002003669738770e-01
9.057996869087219238e-01
9.107003211975097656e-01
9.077001810073852539e-01
8.747001886367797852e-01
9.074997901916503906e-01
9.104996323585510254e-01
9.137995839118957520e-01
8.834998607635498047e-01
9.068998694419860840e-01
9.083994030952453613e-01
8.766000270843505859e-01
9.077998995780944824e-01
8.964002132415771484e-01
8.953998684883117676e-01
9.185001254081726074e-01
9.236000180244445801e-01
8.981003761291503906e-01
9.022999405860900879e-01
8.871001601219177246e-01
9.137997627258300781e-01
9.002998471260070801e-01
