2.987000346183776855e-01
3.686999380588531494e-01
5.901001095771789551e-01
5.690000057220458984e-01
6.513000726699829102e-01
6.193998456001281738e-01
6.742000579833984375e-01
7.032001018524169922e-01
7.223999500274658203e-01
7.165998816490173340e-01
7.556000351905822754e-01
7.612999677658081055e-01
7.658999562263488770e-01
8.052000403404235840e-01
8.376001715660095215e-01
8.396999835968017578e-01
8.385999798774719238e-01
8.309999108314514160e-01
7.812000513076782227e-01
8.046997785568237305e-01
8.682000041007995605e-01
8.523000478744506836e-01
8.551999926567077637e-01
8.521999120712280273e-01
8.289000988006591797e-01
8.079997897148132324e-01
8.550000190734863281e-01
8.600000143051147461e-01
8.283999562263488770e-01
8.058000206947326660e-01
8.321001529693603516e-01
8.470000624656677246e-01
8.237000107765197754e-01
8.914999365806579590e-01
8.297001719474792480e-01
8.401998877525329590e-01
8.779001832008361816e-01
9.054999351501464844e-01
9.018002152442932129e-01
8.844999670982360840e-01
9.042999148368835449e-01
8.709000349044799805e-01
8.986003398895263672e-01
9.124001860618591309e-01
8.737999200820922852e-01
8.835998773574829102e-01
9.027999639511108398e-01
8.937999606132507324e-01
8.708999752998352051e-01
9.135003089904785156e-01
8.880999684333801270e-01
8.663998246192932129e-01
8.710000514984130859e-01
8.700999617576599121e-01
8.845999836921691895e-01
8.769000172615051270e-01
8.999000787734985352e-01
8.807000517845153809e-01
8.838002681732177734e-01
8.678001165390014648e-01
9.111998677253723145e-01
9.132001996040344238e-01
9.033000469207763672e-01
8.766000270843505859e-01
9.129001498222351074e-01
8.923000097274780273e-01
9.173001646995544434e-01
8.841001987457275391e-01
9.020001888275146484e-01
9.137001037597656250e-01
8.950999975204467773e-01
9.073000550270080566e-01
9.111002087593078613e-01
9.126001000404357910e-01
8.777000308036804199e-01
9.184001088142395020e-01
9.244000911712646484e-01
9.049001932144165039e-01
8.977999091148376465e-01
9.196000099182128906e-01
9.256999492645263672e-01
9.135001301765441895e-01
9.131001830101013184e-01
9.106001853942871094e-01
9.139001965522766113e-01
9.103000760078430176e-01
9.225000143051147461e-01
9.205001592636108398e-01
9.112001061439514160e-01
9.222998619079589844e-01
9.208002686500549316e-01
9.226999878883361816e-01
9.286002516746520996e-01
9.076000452041625977e-01
9.054000377655029297e-01
9.138000607490539551e-01
9.272000789642333984e-01
9.319999217987060547e-01
9.166000485420227051e-01
9.100000262260437012e-01
