4.333999156951904297e-01
2.712999582290649414e-01
3.417001664638519287e-01
5.468999743461608887e-01
5.273999571800231934e-01
4.891999363899230957e-01
4.806000590324401855e-01
6.108999252319335938e-01
5.218001008033752441e-01
5.284000635147094727e-01
6.538999676704406738e-01
5.616000890731811523e-01
6.546000838279724121e-01
7.088001370429992676e-01
7.313998341560363770e-01
5.922000408172607422e-01
7.446999549865722656e-01
6.418001055717468262e-01
7.437000274658203125e-01
7.881000638008117676e-01
7.459999918937683105e-01
7.857000231742858887e-01
7.937999963760375977e-01
7.416002154350280762e-01
8.416000604629516602e-01
6.981000304222106934e-01
7.850999236106872559e-01
8.284999728202819824e-01
7.978000044822692871e-01
8.582000732421875000e-01
8.731002211570739746e-01
8.672000765800476074e-01
8.747000694274902344e-01
8.574000000953674316e-01
7.702996730804443359e-01
7.940002679824829102e-01
8.421001434326171875e-01
7.968000769615173340e-01
8.043999671936035156e-01
8.798002600669860840e-01
8.522001504898071289e-01
8.585000634193420410e-01
8.472001552581787109e-01
8.436002135276794434e-01
8.294001221656799316e-01
8.581003546714782715e-01
7.917000651359558105e-01
8.335000872611999512e-01
8.845002055168151855e-01
8.864002227783203125e-01
8.344998955726623535e-01
8.793002367019653320e-01
8.951001167297363281e-01
8.816002607345581055e-01
8.846999406814575195e-01
8.214999437332153320e-01
8.380999565124511719e-01
9.080999493598937988e-01
8.838998675346374512e-01
8.859999775886535645e-01
8.319003582000732422e-01
8.761001825332641602e-01
8.862999677658081055e-01
8.992998600006103516e-01
8.909000158309936523e-01
8.005999922752380371e-01
9.019999504089355469e-01
8.953999876976013184e-01
8.438001275062561035e-01
8.109000325202941895e-01
9.107000827789306641e-01
8.945999145507812500e-01
8.626000285148620605e-01
8.927002549171447754e-01
9.099001288414001465e-01
9.172999858856201172e-01
8.818000555038452148e-01
9.189998507499694824e-01
8.887001872062683105e-01
9.208000898361206055e-01
8.896001577377319336e-01
9.013998508453369141e-01
9.059998989105224609e-01
9.256001114845275879e-01
9.096001982688903809e-01
8.947999477386474609e-01
9.107001423835754395e-01
8.991000652313232422e-01
8.699999451637268066e-01
8.969001173973083496e-01
9.015001058578491211e-01
8.761999607086181641e-01
8.508001565933227539e-01
9.145998358726501465e-01
9.110000729560852051e-01
8.911999464035034180e-01
8.907001018524169922e-01
8.951001167297363281e-01
8.686997294425964355e-01
8.957001566886901855e-01
