3.494001030921936035e-01
1.991999596357345581e-01
4.354997873306274414e-01
3.541000485420227051e-01
5.809999704360961914e-01
6.750999689102172852e-01
6.659998893737792969e-01
6.948000192642211914e-01
6.786999702453613281e-01
6.924999952316284180e-01
8.168999552726745605e-01
7.501999139785766602e-01
7.426999807357788086e-01
7.070999145507812500e-01
8.160999417304992676e-01
7.686998248100280762e-01
7.867999076843261719e-01
8.037999868392944336e-01
7.713000774383544922e-01
7.526999711990356445e-01
8.328999876976013184e-01
7.996999621391296387e-01
7.753999233245849609e-01
7.992000579833984375e-01
8.580001592636108398e-01
8.734000325202941895e-01
8.416001200675964355e-01
8.498997688293457031e-01
8.475000858306884766e-01
8.913999795913696289e-01
8.251001834869384766e-01
8.594999909400939941e-01
8.112000226974487305e-01
8.782001733779907227e-01
8.848998546600341797e-01
8.958001136779785156e-01
8.594999909400939941e-01
8.841999769210815430e-01
8.891999125480651855e-01
9.020998477935791016e-01
8.979999423027038574e-01
8.846002817153930664e-01
8.833999037742614746e-01
8.433001041412353516e-01
8.492001295089721680e-01
8.862999081611633301e-01
9.050002098083496094e-01
8.845999836921691895e-01
9.084002971649169922e-01
9.114001989364624023e-01
8.928999900817871094e-01
8.757999539375305176e-01
8.942999839782714844e-01
8.847001791000366211e-01
8.759999871253967285e-01
8.891000151634216309e-01
9.137998819351196289e-01
8.973999619483947754e-01
8.646998405456542969e-01
9.073000550270080566e-01
8.339999914169311523e-01
8.976999521255493164e-01
9.121000766754150391e-01
9.223001599311828613e-01
9.243000149726867676e-01
9.075001478195190430e-01
8.703000545501708984e-01
9.237000346183776855e-01
9.199000597000122070e-01
9.076001644134521484e-01
9.228999614715576172e-01
9.040001630783081055e-01
9.082000851631164551e-01
9.183998107910156250e-01
9.089000821113586426e-01
8.815001845359802246e-01
9.060000777244567871e-01
8.982998728752136230e-01
9.156000018119812012e-01
9.293000102043151855e-01
9.272002577781677246e-01
8.946998715400695801e-01
9.348999857902526855e-01
8.921999335289001465e-01
9.179997444152832031e-01
9.169002771377563477e-01
9.273000955581665039e-01
9.132001996040344238e-01
9.341000914573669434e-01
8.995001316070556641e-01
9.244999885559082031e-01
9.333997964859008789e-01
9.233998060226440430e-01
9.240000247955322266e-01
9.094999432563781738e-01
9.066999554634094238e-01
9.293001294136047363e-01
9.319000840187072754e-01
9.260998368263244629e-01
9.235997200012207031e-01
