2.701000273227691650e-01
3.239000737667083740e-01
4.878999292850494385e-01
5.466000437736511230e-01
4.921000003814697266e-01
5.583000779151916504e-01
5.866998434066772461e-01
6.076999306678771973e-01
6.743000745773315430e-01
6.774999499320983887e-01
6.420997381210327148e-01
7.788999676704406738e-01
8.184002041816711426e-01
7.637000083923339844e-01
7.708001136779785156e-01
7.302997708320617676e-01
7.215000391006469727e-01
7.163001894950866699e-01
7.669001221656799316e-01
8.036998510360717773e-01
8.476001024246215820e-01
8.505001664161682129e-01
8.672999739646911621e-01
8.501001596450805664e-01
8.188999295234680176e-01
7.801999449729919434e-01
7.834000587463378906e-01
8.057000041007995605e-01
8.287999629974365234e-01
7.870000600814819336e-01
8.158000111579895020e-01
8.093000650405883789e-01
8.647998571395874023e-01
8.787001967430114746e-01
8.441999554634094238e-01
8.801000714302062988e-01
8.306999802589416504e-01
8.792001605033874512e-01
7.893001437187194824e-01
8.565000295639038086e-01
8.551000952720642090e-01
7.811999320983886719e-01
8.451998829841613770e-01
8.748000264167785645e-01
8.514001369476318359e-01
8.994998931884765625e-01
8.994998335838317871e-01
8.123998045921325684e-01
9.066999554634094238e-01
9.042999148368835449e-01
9.008001685142517090e-01
9.053001403808593750e-01
8.982001543045043945e-01
8.734999895095825195e-01
8.600002527236938477e-01
8.828998804092407227e-01
8.884001970291137695e-01
9.136000871658325195e-01
9.170998930931091309e-01
8.822003006935119629e-01
8.858001232147216797e-01
8.550000190734863281e-01
8.877998590469360352e-01
8.991999626159667969e-01
8.363000750541687012e-01
8.924999833106994629e-01
9.050998687744140625e-01
9.206998944282531738e-01
9.130001068115234375e-01
9.246000647544860840e-01
9.223999977111816406e-01
9.055001139640808105e-01
8.687002658843994141e-01
9.154999256134033203e-01
8.933999538421630859e-01
8.959002494812011719e-01
9.159001111984252930e-01
9.278000593185424805e-01
9.059998989105224609e-01
8.987999558448791504e-01
9.195002913475036621e-01
8.945001363754272461e-01
8.644000887870788574e-01
9.048998951911926270e-01
9.236001372337341309e-01
9.169002771377563477e-01
9.199000000953674316e-01
9.191998839378356934e-01
9.248999953269958496e-01
8.795999884605407715e-01
9.039999246597290039e-01
9.030999541282653809e-01
8.954001665115356445e-01
9.221003055572509766e-01
8.890001773834228516e-01
9.238000512123107910e-01
9.180002808570861816e-01
8.886001110076904297e-01
8.874001502990722656e-01
9.275999665260314941e-01
