2.050999999046325684e-01
3.714000582695007324e-01
3.835999369621276855e-01
4.863000214099884033e-01
5.198000073432922363e-01
6.985998749732971191e-01
5.285000801086425781e-01
5.589001178741455078e-01
6.202999353408813477e-01
6.990999579429626465e-01
7.698999643325805664e-01
6.736001372337341309e-01
7.422000765800476074e-01
7.038000226020812988e-01
7.841998934745788574e-01
7.878001928329467773e-01
7.681997418403625488e-01
7.990999817848205566e-01
7.576000094413757324e-01
8.356001377105712891e-01
8.559998869895935059e-01
8.351001739501953125e-01
8.092998266220092773e-01
7.942000627517700195e-01
8.221000432968139648e-01
8.072000145912170410e-01
8.404998779296875000e-01
8.440998792648315430e-01
7.842998504638671875e-01
8.537998795509338379e-01
8.664997816085815430e-01
7.943002581596374512e-01
8.669000864028930664e-01
8.489000797271728516e-01
8.423000574111938477e-01
8.750999569892883301e-01
8.449001908302307129e-01
8.506000041961669922e-01
8.674001097679138184e-01
8.527000546455383301e-01
8.512001037597656250e-01
8.841001391410827637e-01
8.720999956130981445e-01
8.802002072334289551e-01
8.852999806404113770e-01
8.080998063087463379e-01
8.166000843048095703e-01
8.515998125076293945e-01
8.428003191947937012e-01
8.839001655578613281e-01
8.627001047134399414e-01
8.940001130104064941e-01
8.875999450683593750e-01
8.897999525070190430e-01
8.968999981880187988e-01
8.895002007484436035e-01
8.749000430107116699e-01
8.562001585960388184e-01
8.837001919746398926e-01
8.935999274253845215e-01
8.847000598907470703e-01
9.003002047538757324e-01
8.871001601219177246e-01
8.999998569488525391e-01
9.002001285552978516e-01
8.970999717712402344e-01
9.015001058578491211e-01
8.851002454757690430e-01
8.932002186775207520e-01
8.763003349304199219e-01
9.080001115798950195e-01
9.108000397682189941e-01
8.735999464988708496e-01
8.675998449325561523e-01
9.034002423286437988e-01
9.078999161720275879e-01
9.102001190185546875e-01
9.003000855445861816e-01
9.128000140190124512e-01
8.905998468399047852e-01
9.134000539779663086e-01
8.865000009536743164e-01
9.055998325347900391e-01
9.030000567436218262e-01
8.912000060081481934e-01
8.914001584053039551e-01
9.113997817039489746e-01
9.093000292778015137e-01
8.541001081466674805e-01
9.067001938819885254e-01
8.524000644683837891e-01
9.115998744964599609e-01
9.071998000144958496e-01
9.144999980926513672e-01
9.075999259948730469e-01
9.071002006530761719e-01
9.143001437187194824e-01
9.092997908592224121e-01
9.054000973701477051e-01
9.088997840881347656e-01
