4.102000296115875244e-01
2.470999956130981445e-01
5.975000262260437012e-01
5.157001018524169922e-01
4.293998777866363525e-01
5.594999194145202637e-01
5.960001349449157715e-01
5.890001058578491211e-01
5.429999828338623047e-01
5.148000121116638184e-01
6.856999397277832031e-01
7.080001235008239746e-01
7.791999578475952148e-01
7.646000385284423828e-01
7.086001634597778320e-01
8.331001996994018555e-01
8.008000254631042480e-01
7.668999433517456055e-01
7.336999773979187012e-01
7.791001200675964355e-01
8.145999908447265625e-01
8.230998516082763672e-01
8.739001750946044922e-01
8.578001260757446289e-01
8.868001699447631836e-01
8.768999576568603516e-01
8.369001150131225586e-01
8.450000882148742676e-01
8.572000265121459961e-01
8.573001027107238770e-01
8.548001050949096680e-01
8.997001647949218750e-01
8.848001360893249512e-01
9.024997949600219727e-01
8.967999219894409180e-01
8.851999640464782715e-01
8.956000804901123047e-01
8.604000806808471680e-01
8.660000562667846680e-01
8.945999741554260254e-01
9.184000492095947266e-01
9.158999919891357422e-01
9.102998971939086914e-01
9.000999331474304199e-01
9.020998477935791016e-01
9.215000867843627930e-01
9.107998609542846680e-01
9.168000817298889160e-01
9.070999026298522949e-01
9.200000762939453125e-01
8.961001634597778320e-01
8.915999531745910645e-01
9.270002245903015137e-01
9.146998524665832520e-01
9.241000413894653320e-01
9.234001040458679199e-01
9.271997809410095215e-01
9.333000779151916504e-01
9.241001009941101074e-01
9.029000997543334961e-01
9.341000318527221680e-01
9.222001433372497559e-01
9.199001193046569824e-01
9.293001294136047363e-01
9.166000485420227051e-01
9.267002344131469727e-01
9.256998300552368164e-01
9.228001236915588379e-01
9.258001446723937988e-01
9.254000782966613770e-01
9.377002120018005371e-01
9.297998547554016113e-01
9.352000951766967773e-01
9.267999529838562012e-01
9.077000617980957031e-01
9.323999881744384766e-01
9.350000023841857910e-01
9.336002469062805176e-01
9.380000233650207520e-01
9.233998656272888184e-01
9.360999464988708496e-01
8.980001211166381836e-01
9.375998973846435547e-01
9.339001178741455078e-01
9.332001209259033203e-01
9.203000664710998535e-01
9.404000639915466309e-01
9.371002316474914551e-01
9.373999238014221191e-01
9.396001696586608887e-01
9.365999698638916016e-01
9.458000063896179199e-01
9.418000578880310059e-01
9.361999630928039551e-01
9.355000853538513184e-01
9.456999897956848145e-01
9.252000451087951660e-01
9.326002001762390137e-01
9.456998705863952637e-01
9.257000088691711426e-01
