2.743000686168670654e-01
2.688999772071838379e-01
5.615001916885375977e-01
5.799000263214111328e-01
4.703000187873840332e-01
4.842000603675842285e-01
6.258001327514648438e-01
5.920000076293945312e-01
7.014000415802001953e-01
6.007001996040344238e-01
6.570999622344970703e-01
7.281998991966247559e-01
7.569000124931335449e-01
7.712999582290649414e-01
7.616000175476074219e-01
8.035001158714294434e-01
7.757999897003173828e-01
8.277000188827514648e-01
8.096001148223876953e-01
7.782000899314880371e-01
7.340999841690063477e-01
8.160000443458557129e-01
7.253000736236572266e-01
8.088998198509216309e-01
8.228999972343444824e-01
8.114997148513793945e-01
8.076000213623046875e-01
7.962000370025634766e-01
7.276001572608947754e-01
8.648999929428100586e-01
8.448999524116516113e-01
7.676998972892761230e-01
8.204001784324645996e-01
8.182002305984497070e-01
8.306998610496520996e-01
8.626998066902160645e-01
8.130998015403747559e-01
8.686000704765319824e-01
8.485003709793090820e-01
8.209000229835510254e-01
8.458001613616943359e-01
8.431999683380126953e-01
8.454000949859619141e-01
8.689999580383300781e-01
8.334999084472656250e-01
8.573001027107238770e-01
8.813001513481140137e-01
8.709002137184143066e-01
8.412001729011535645e-01
8.574001193046569824e-01
8.895999193191528320e-01
8.471999168395996094e-01
8.928999900817871094e-01
8.585999011993408203e-01
8.387001156806945801e-01
8.853999972343444824e-01
8.885999917984008789e-01
8.555003404617309570e-01
8.831999301910400391e-01
8.557000756263732910e-01
8.172000050544738770e-01
8.162999153137207031e-01
8.517998456954956055e-01
8.826000690460205078e-01
9.000000953674316406e-01
8.453000783920288086e-01
8.990001678466796875e-01
8.954002857208251953e-01
8.669998049736022949e-01
8.643000125885009766e-01
8.618003726005554199e-01
8.952997326850891113e-01
8.941002488136291504e-01
9.044999480247497559e-01
8.803000450134277344e-01
8.544002771377563477e-01
8.415999412536621094e-01
9.055001139640808105e-01
8.962996602058410645e-01
8.968001008033752441e-01
8.662000894546508789e-01
9.016998410224914551e-01
9.064999222755432129e-01
9.053997993469238281e-01
8.779000043869018555e-01
9.078001976013183594e-01
8.596000075340270996e-01
8.225000500679016113e-01
8.754997253417968750e-01
9.126000404357910156e-01
9.088000655174255371e-01
8.877999186515808105e-01
8.779001832008361816e-01
8.977000713348388672e-01
8.563998341560363770e-01
8.858999609947204590e-01
8.458000421524047852e-01
8.653997778892517090e-01
8.351001143455505371e-01
8.641002774238586426e-01
