4.443000555038452148e-01
1.831999719142913818e-01
4.391000270843505859e-01
7.026998400688171387e-01
6.427999138832092285e-01
7.211000323295593262e-01
7.496001720428466797e-01
6.473000049591064453e-01
7.664999961853027344e-01
7.784999012947082520e-01
7.245001792907714844e-01
7.831997871398925781e-01
8.397998809814453125e-01
8.432001471519470215e-01
7.933999896049499512e-01
8.468000292778015137e-01
8.360999822616577148e-01
8.295000195503234863e-01
8.361999392509460449e-01
8.798002004623413086e-01
8.490001559257507324e-01
8.745998144149780273e-01
8.687999248504638672e-01
8.802999854087829590e-01
8.618998527526855469e-01
8.918001651763916016e-01
8.997998833656311035e-01
8.673002719879150391e-01
8.899000287055969238e-01
8.238998651504516602e-01
8.351001143455505371e-01
8.378000855445861816e-01
9.049999117851257324e-01
8.869002461433410645e-01
8.915999531745910645e-01
8.790999650955200195e-01
8.817000389099121094e-01
9.024999141693115234e-01
9.143000245094299316e-01
9.013001322746276855e-01
8.826001882553100586e-01
9.028999209403991699e-01
9.107001423835754395e-01
9.046000838279724121e-01
9.110999107360839844e-01
8.655002117156982422e-01
8.462998867034912109e-01
9.024000763893127441e-01
9.231002926826477051e-01
9.132000803947448730e-01
9.174001812934875488e-01
9.233998656272888184e-01
9.243999719619750977e-01
9.189001321792602539e-01
9.235000610351562500e-01
9.216001629829406738e-01
9.230998158454895020e-01
9.100002050399780273e-01
9.150001406669616699e-01
9.309998154640197754e-01
9.099997878074645996e-01
9.155001640319824219e-01
9.178001880645751953e-01
9.170001149177551270e-01
9.304999709129333496e-01
9.221001267433166504e-01
9.342000484466552734e-01
9.319999814033508301e-01
9.205000400543212891e-01
9.220000505447387695e-01
9.271000623703002930e-01
9.275998473167419434e-01
9.210000038146972656e-01
9.308001995086669922e-01
9.333000779151916504e-01
9.169998764991760254e-01
9.251000285148620605e-01
9.349000453948974609e-01
9.368997812271118164e-01
9.303000569343566895e-01
9.327999949455261230e-01
9.304002523422241211e-01
9.309000372886657715e-01
9.284000396728515625e-01
9.347999095916748047e-01
9.320000410079956055e-01
9.309000968933105469e-01
9.291999936103820801e-01
9.243000745773315430e-01
9.371000528335571289e-01
9.381000399589538574e-01
9.332999587059020996e-01
9.352998137474060059e-01
9.274003505706787109e-01
9.368000626564025879e-01
9.357000589370727539e-01
9.232002496719360352e-01
9.209000468254089355e-01
9.347999691963195801e-01
9.367000460624694824e-01
