3.384000062942504883e-01
3.684000074863433838e-01
4.072999060153961182e-01
5.217999815940856934e-01
5.399000644683837891e-01
6.348000764846801758e-01
6.381001472473144531e-01
7.094999551773071289e-01
7.008001208305358887e-01
7.167998552322387695e-01
7.639001607894897461e-01
7.618998885154724121e-01
7.513000369071960449e-01
8.038002252578735352e-01
8.147003054618835449e-01
7.904000282287597656e-01
8.295999765396118164e-01
8.422001600265502930e-01
8.311001062393188477e-01
8.429001569747924805e-01
8.732001781463623047e-01
8.610001206398010254e-01
8.823001384735107422e-01
8.869999647140502930e-01
8.665000200271606445e-01
8.871999979019165039e-01
8.994001150131225586e-01
9.014000892639160156e-01
8.920999765396118164e-01
8.930001258850097656e-01
8.896000385284423828e-01
8.991998434066772461e-01
9.052999615669250488e-01
9.144001007080078125e-01
9.014999866485595703e-01
9.101997613906860352e-01
9.163998961448669434e-01
9.110000133514404297e-01
9.082998633384704590e-01
9.022001028060913086e-01
9.217002391815185547e-01
9.230001568794250488e-01
9.236002564430236816e-01
9.260002970695495605e-01
9.190000891685485840e-01
9.255003929138183594e-01
9.274002909660339355e-01
9.284000992774963379e-01
9.286000132560729980e-01
9.232998490333557129e-01
9.260001182556152344e-01
9.252000451087951660e-01
9.314002394676208496e-01
9.317002296447753906e-01
9.324000477790832520e-01
9.293998479843139648e-01
9.256001114845275879e-01
9.150000214576721191e-01
9.259002804756164551e-01
9.273998737335205078e-01
9.343000054359436035e-01
9.297000765800476074e-01
9.329001903533935547e-01
9.298999309539794922e-01
9.347002506256103516e-01
9.329002499580383301e-01
9.373002052307128906e-01
9.250998497009277344e-01
9.342001080513000488e-01
9.373000860214233398e-01
9.333002567291259766e-01
9.308000802993774414e-01
9.385000467300415039e-01
9.378000497817993164e-01
9.406000375747680664e-01
9.374997615814208984e-01
9.414997696876525879e-01
9.394002556800842285e-01
9.355999231338500977e-01
9.349001049995422363e-01
9.425997734069824219e-01
9.413001537322998047e-01
9.392000436782836914e-01
9.409000277519226074e-01
9.403999447822570801e-01
9.416998028755187988e-01
9.426000118255615234e-01
9.431999325752258301e-01
9.357999563217163086e-01
9.336998462677001953e-01
9.438995122909545898e-01
9.411001801490783691e-01
9.399999380111694336e-01
9.422999620437622070e-01
9.414001703262329102e-01
9.426002502441406250e-01
9.413999319076538086e-01
9.437997937202453613e-01
9.431000351905822754e-01
9.457997679710388184e-01
