4.125999510288238525e-01
4.463998675346374512e-01
5.127000808715820312e-01
5.436000227928161621e-01
6.134999394416809082e-01
6.133999824523925781e-01
6.036001443862915039e-01
7.250000834465026855e-01
7.109999060630798340e-01
7.672999501228332520e-01
6.695000529289245605e-01
7.715002298355102539e-01
7.693001031875610352e-01
7.767999172210693359e-01
7.990000247955322266e-01
8.224999904632568359e-01
7.748000621795654297e-01
7.674999833106994629e-01
7.976000905036926270e-01
7.961000204086303711e-01
7.626999616622924805e-01
7.968999743461608887e-01
8.352999687194824219e-01
8.536000847816467285e-01
8.487001657485961914e-01
8.632001280784606934e-01
8.359999656677246094e-01
8.482002019882202148e-01
8.481001853942871094e-01
8.585998415946960449e-01
8.206999301910400391e-01
8.644999861717224121e-01
8.446000814437866211e-01
8.677000403404235840e-01
8.521000146865844727e-01
8.603003025054931641e-01
8.708000779151916504e-01
8.584002852439880371e-01
8.721001148223876953e-01
8.798002004623413086e-01
8.670000433921813965e-01
8.751002550125122070e-01
8.557000756263732910e-01
8.734000921249389648e-01
8.814001679420471191e-01
8.814001679420471191e-01
8.640000224113464355e-01
8.825999498367309570e-01
8.863000273704528809e-01
8.904001116752624512e-01
8.876000046730041504e-01
8.504000306129455566e-01
8.629999756813049316e-01
8.672001361846923828e-01
8.856999874114990234e-01
8.904001712799072266e-01
8.818000555038452148e-01
8.734002113342285156e-01
8.654000163078308105e-01
8.612998127937316895e-01
8.727998137474060059e-01
8.891999125480651855e-01
9.016001224517822266e-01
8.907001614570617676e-01
8.998001217842102051e-01
8.852998614311218262e-01
8.868001699447631836e-01
8.791999816894531250e-01
8.712002038955688477e-01
9.046001434326171875e-01
8.959999680519104004e-01
8.982002139091491699e-01
9.026001095771789551e-01
9.019001126289367676e-01
8.940002322196960449e-01
8.892000317573547363e-01
