5.286999940872192383e-01
5.100999474525451660e-01
5.124999880790710449e-01
4.846999049186706543e-01
6.559999585151672363e-01
6.589998602867126465e-01
7.886000275611877441e-01
7.548999786376953125e-01
7.925000190734863281e-01
8.265998959541320801e-01
7.625000476837158203e-01
8.405000567436218262e-01
8.360000848770141602e-01
7.290998697280883789e-01
8.496999144554138184e-01
8.243002295494079590e-01
8.287000060081481934e-01
8.483998179435729980e-01
8.563001155853271484e-01
8.145999908447265625e-01
7.940999865531921387e-01
8.453001379966735840e-01
8.359000682830810547e-01
8.836000561714172363e-01
8.103001117706298828e-01
8.396001458168029785e-01
8.618000149726867676e-01
8.301002383232116699e-01
8.785002231597900391e-01
8.101999163627624512e-01
8.277001380920410156e-01
8.477003574371337891e-01
8.666996955871582031e-01
8.600001335144042969e-01
8.650000691413879395e-01
8.405002355575561523e-01
8.899999260902404785e-01
8.737000823020935059e-01
8.737000823020935059e-01
8.966999053955078125e-01
8.967000842094421387e-01
8.808001875877380371e-01
8.973001241683959961e-01
8.628999590873718262e-01
8.946000933647155762e-01
8.534998893737792969e-01
8.704000115394592285e-01
8.178001642227172852e-01
8.981001377105712891e-01
8.617000579833984375e-01
9.052999615669250488e-01
9.015999436378479004e-01
9.041001796722412109e-01
8.899001479148864746e-01
9.086001515388488770e-01
8.867999315261840820e-01
8.883998394012451172e-01
8.594999909400939941e-01
8.615000247955322266e-01
8.967999815940856934e-01
9.191001653671264648e-01
8.704000115394592285e-01
8.993001580238342285e-01
8.868998885154724121e-01
8.997001647949218750e-01
9.036000967025756836e-01
8.929998278617858887e-01
8.833002448081970215e-01
8.856998682022094727e-01
9.226000308990478516e-01
9.032998681068420410e-01
9.101999402046203613e-01
9.006999135017395020e-01
9.147000312805175781e-01
9.004999399185180664e-01
9.106999039649963379e-01
8.973001837730407715e-01
9.304000139236450195e-01
9.053997993469238281e-01
8.849001526832580566e-01
9.232000708580017090e-01
9.126001596450805664e-01
9.293997287750244141e-01
9.043999314308166504e-01
8.998001217842102051e-01
9.067001938819885254e-01
9.161998629570007324e-01
9.224001169204711914e-01
8.740001916885375977e-01
8.720000386238098145e-01
8.493000864982604980e-01
9.199001193046569824e-01
9.084001779556274414e-01
9.158002734184265137e-01
9.294997453689575195e-01
9.189999103546142578e-01
9.161000251770019531e-01
9.145998954772949219e-01
9.005999565124511719e-01
9.093999266624450684e-01
