4.034000039100646973e-01
5.128999948501586914e-01
6.512999534606933594e-01
7.131000757217407227e-01
7.202998399734497070e-01
7.319998741149902344e-01
7.526999711990356445e-01
7.685999274253845215e-01
7.777001261711120605e-01
7.930001616477966309e-01
7.985000610351562500e-01
7.906000018119812012e-01
8.099002242088317871e-01
8.221001625061035156e-01
8.187001943588256836e-01
8.195000290870666504e-01
8.224001526832580566e-01
8.294999003410339355e-01
8.299999237060546875e-01
8.444998860359191895e-01
8.458000421524047852e-01
8.461003899574279785e-01
8.495001792907714844e-01
8.511002063751220703e-01
8.586001396179199219e-01
8.540001511573791504e-01
8.677999973297119141e-01
8.713002204895019531e-01
8.752000927925109863e-01
8.741002082824707031e-01
8.754000663757324219e-01
8.728002309799194336e-01
8.810999393463134766e-01
8.816001415252685547e-01
8.798000216484069824e-01
8.713998198509216309e-01
8.812000155448913574e-01
8.764000535011291504e-01
8.812000155448913574e-01
8.851000070571899414e-01
8.904002308845520020e-01
8.877002596855163574e-01
8.823003172874450684e-01
8.974998593330383301e-01
8.915001749992370605e-01
8.945998549461364746e-01
8.902001380920410156e-01
8.972999453544616699e-01
8.936999440193176270e-01
9.015999436378479004e-01
9.046999216079711914e-01
8.984001874923706055e-01
9.009000658988952637e-01
8.981999754905700684e-01
9.055999517440795898e-01
9.107998609542846680e-01
9.076998233795166016e-01
9.067998528480529785e-01
9.107000231742858887e-01
9.069999456405639648e-01
9.111000895500183105e-01
9.111000895500183105e-01
9.124000668525695801e-01
9.111000299453735352e-01
9.123001098632812500e-01
9.094000458717346191e-01
9.155000448226928711e-01
9.072999358177185059e-01
9.155998826026916504e-01
9.127998352050781250e-01
9.140996336936950684e-01
9.182000160217285156e-01
9.070999026298522949e-01
9.144999980926513672e-01
9.029001593589782715e-01
9.140998721122741699e-01
9.238998889923095703e-01
9.220995903015136719e-01
9.150997996330261230e-01
9.111999273300170898e-01
9.205000996589660645e-01
9.188998937606811523e-01
9.243999719619750977e-01
9.145000576972961426e-01
9.064998626708984375e-01
9.186002612113952637e-01
9.110998511314392090e-01
9.075000882148742676e-01
9.063000679016113281e-01
9.267001152038574219e-01
9.213000535964965820e-01
9.228000044822692871e-01
9.198000431060791016e-01
9.204999804496765137e-01
9.113000631332397461e-01
9.270998239517211914e-01
9.190998077392578125e-01
9.228998422622680664e-01
9.247000813484191895e-01
9.285001158714294434e-01
