4.554000794887542725e-01
5.878000855445861816e-01
5.593000650405883789e-01
5.589000582695007324e-01
7.225998640060424805e-01
7.485999464988708496e-01
7.376999855041503906e-01
7.437999844551086426e-01
7.976000308990478516e-01
8.082998394966125488e-01
8.154000639915466309e-01
8.518000245094299316e-01
8.720000386238098145e-01
8.756999969482421875e-01
8.739000558853149414e-01
8.917999863624572754e-01
8.810999989509582520e-01
8.941999673843383789e-01
8.924001455307006836e-01
8.974001407623291016e-01
8.955001831054687500e-01
9.001001715660095215e-01
9.046998023986816406e-01
9.041002392768859863e-01
9.026001691818237305e-01
9.042000770568847656e-01
9.058000445365905762e-01
9.089999198913574219e-01
9.127998352050781250e-01
9.077998399734497070e-01
9.099000692367553711e-01
9.039999246597290039e-01
9.079999327659606934e-01
9.089000225067138672e-01
9.101999402046203613e-01
9.086999297142028809e-01
9.164001345634460449e-01
9.137000441551208496e-01
9.082999229431152344e-01
9.165000319480895996e-01
9.146001338958740234e-01
9.207000136375427246e-01
9.235000610351562500e-01
9.239000678062438965e-01
9.202001690864562988e-01
9.250000715255737305e-01
9.272999763488769531e-01
9.262002706527709961e-01
9.298000335693359375e-01
9.260998368263244629e-01
9.291999340057373047e-01
9.326002001762390137e-01
9.237001538276672363e-01
9.270999431610107422e-01
9.300003051757812500e-01
9.244998097419738770e-01
9.270001053810119629e-01
9.305002093315124512e-01
9.337000250816345215e-01
9.328999519348144531e-01
9.337000846862792969e-01
9.312999248504638672e-01
9.380999803543090820e-01
9.350000619888305664e-01
9.286998510360717773e-01
9.348000288009643555e-01
9.309999942779541016e-01
9.282999634742736816e-01
9.341002106666564941e-01
9.383003115653991699e-01
9.287002086639404297e-01
9.398000240325927734e-01
9.398000240325927734e-01
9.386002421379089355e-01
9.359999895095825195e-01
9.326999783515930176e-01
9.358002543449401855e-01
9.387000799179077148e-01
9.358000755310058594e-01
9.350003004074096680e-01
9.353001117706298828e-01
9.407002329826354980e-01
9.386001825332641602e-01
9.398999214172363281e-01
9.374003410339355469e-01
9.397000670433044434e-01
9.414001703262329102e-01
9.409000873565673828e-01
9.395000934600830078e-01
9.440002441406250000e-01
9.380000233650207520e-01
9.315998554229736328e-01
9.404000639915466309e-01
9.412002563476562500e-01
9.417002201080322266e-01
9.384002089500427246e-01
9.383000731468200684e-01
9.383000731468200684e-01
9.368001818656921387e-01
9.330003261566162109e-01
