4.880999624729156494e-01
6.278000473976135254e-01
5.487001538276672363e-01
5.284000039100646973e-01
6.558999419212341309e-01
7.149998545646667480e-01
7.248001098632812500e-01
7.195000648498535156e-01
7.646001577377319336e-01
7.362000942230224609e-01
6.824999451637268066e-01
6.726000308990478516e-01
8.168000578880310059e-01
8.080999255180358887e-01
7.935001254081726074e-01
7.449000477790832520e-01
6.928999423980712891e-01
7.728999853134155273e-01
8.040997385978698730e-01
7.951000332832336426e-01
8.085998296737670898e-01
8.322999477386474609e-01
8.716998100280761719e-01
8.511000275611877441e-01
8.729004859924316406e-01
8.391001224517822266e-01
8.557000160217285156e-01
8.808000683784484863e-01
8.793998956680297852e-01
8.858999609947204590e-01
8.758999705314636230e-01
8.675999641418457031e-01
8.724000453948974609e-01
8.747000098228454590e-01
8.496999144554138184e-01
8.766999244689941406e-01
8.942999243736267090e-01
9.011999368667602539e-01
8.972001075744628906e-01
8.889001607894897461e-01
8.709002137184143066e-01
8.701999783515930176e-01
8.874996900558471680e-01
8.807001709938049316e-01
8.789001703262329102e-01
8.840000033378601074e-01
9.074999094009399414e-01
8.398999571800231934e-01
8.664000630378723145e-01
8.652000427246093750e-01
8.911999464035034180e-01
9.197001457214355469e-01
8.941998481750488281e-01
9.099000692367553711e-01
9.058001041412353516e-01
8.956000804901123047e-01
9.063000679016113281e-01
9.026999473571777344e-01
9.176000356674194336e-01
8.904001712799072266e-01
8.707000613212585449e-01
8.935000896453857422e-01
9.179001450538635254e-01
9.047001600265502930e-01
9.002998471260070801e-01
8.871999382972717285e-01
8.763000965118408203e-01
9.027999639511108398e-01
8.982002735137939453e-01
9.215000867843627930e-01
8.950001597404479980e-01
9.049001932144165039e-01
9.231001138687133789e-01
9.125000238418579102e-01
9.222999811172485352e-01
9.167003035545349121e-01
9.182000756263732910e-01
9.126999378204345703e-01
9.269000887870788574e-01
8.992000818252563477e-01
8.860998749732971191e-01
9.194000363349914551e-01
9.279000759124755859e-01
9.135998487472534180e-01
9.138001203536987305e-01
9.146997928619384766e-01
9.195998311042785645e-01
9.278001189231872559e-01
9.240000844001770020e-01
9.290000200271606445e-01
9.216998815536499023e-01
9.210000634193420410e-01
9.154000282287597656e-01
9.125998020172119141e-01
9.264999628067016602e-01
9.358000159263610840e-01
9.160999059677124023e-01
9.060000777244567871e-01
9.270002841949462891e-01
9.371999502182006836e-01
