4.519001245498657227e-01
5.915999412536621094e-01
6.015000343322753906e-01
6.805000901222229004e-01
7.314000725746154785e-01
7.853997945785522461e-01
7.682998776435852051e-01
7.581001520156860352e-01
7.920001149177551270e-01
8.104002475738525391e-01
8.078001141548156738e-01
8.085001111030578613e-01
7.912999987602233887e-01
8.648003339767456055e-01
8.251999616622924805e-01
8.476001024246215820e-01
8.802999258041381836e-01
8.445999026298522949e-01
8.348000049591064453e-01
8.818001747131347656e-01
8.504999279975891113e-01
8.788002133369445801e-01
8.339999318122863770e-01
8.863999843597412109e-01
8.800999522209167480e-01
8.754001855850219727e-01
8.728000521659851074e-01
8.786000609397888184e-01
8.853000402450561523e-01
8.956997394561767578e-01
8.932000994682312012e-01
9.095000624656677246e-01
8.577000498771667480e-01
8.918002247810363770e-01
8.556000590324401855e-01
8.838000297546386719e-01
8.746000528335571289e-01
8.880004286766052246e-01
8.917999863624572754e-01
8.915002346038818359e-01
8.876000046730041504e-01
9.158998131752014160e-01
9.017000794410705566e-01
8.921001553535461426e-01
9.041001200675964355e-01
8.957999348640441895e-01
9.079000949859619141e-01
9.108000397682189941e-01
9.094999432563781738e-01
9.235997200012207031e-01
9.188998341560363770e-01
9.036001563072204590e-01
8.679998517036437988e-01
9.218000769615173340e-01
9.085001945495605469e-01
9.265998601913452148e-01
9.199998378753662109e-01
8.896002173423767090e-01
9.079998135566711426e-01
9.175998568534851074e-01
9.115000963211059570e-01
9.054000377655029297e-01
9.264999628067016602e-01
9.213998317718505859e-01
9.258000254631042480e-01
9.152998328208923340e-01
8.842000365257263184e-01
8.942001461982727051e-01
9.073998332023620605e-01
9.218000769615173340e-01
9.299999475479125977e-01
9.175000190734863281e-01
9.214001297950744629e-01
9.278001189231872559e-01
9.233998656272888184e-01
9.265000224113464355e-01
9.204998612403869629e-01
9.318001270294189453e-01
9.180000424385070801e-01
9.336998462677001953e-01
9.331998229026794434e-01
9.031998515129089355e-01
8.857997655868530273e-01
9.123000502586364746e-01
9.138000607490539551e-01
9.022998809814453125e-01
9.091999530792236328e-01
9.097998738288879395e-01
9.104998707771301270e-01
9.038999080657958984e-01
9.147000312805175781e-01
9.223998785018920898e-01
9.266000390052795410e-01
9.278999567031860352e-01
9.259000420570373535e-01
9.212998747825622559e-01
9.199000000953674316e-01
9.160997867584228516e-01
9.251999855041503906e-01
9.249999523162841797e-01
