3.800000250339508057e-01
4.961001873016357422e-01
5.179998874664306641e-01
5.189999938011169434e-01
3.856999278068542480e-01
5.238000750541687012e-01
7.258999347686767578e-01
6.661998033523559570e-01
7.119999527931213379e-01
6.134998798370361328e-01
7.451999187469482422e-01
6.563998460769653320e-01
7.824997901916503906e-01
6.654000878334045410e-01
7.076998949050903320e-01
6.551001071929931641e-01
7.027001976966857910e-01
7.270001769065856934e-01
7.516000270843505859e-01
8.208001852035522461e-01
6.306000351905822754e-01
8.279998302459716797e-01
7.844999432563781738e-01
7.480000257492065430e-01
7.613998651504516602e-01
7.341001033782958984e-01
7.857999205589294434e-01
8.152000308036804199e-01
6.983000040054321289e-01
6.882001757621765137e-01
7.022999525070190430e-01
8.342998027801513672e-01
7.208999395370483398e-01
8.562998771667480469e-01
8.613002896308898926e-01
7.586999535560607910e-01
7.760000824928283691e-01
8.816000223159790039e-01
8.914999961853027344e-01
7.132000923156738281e-01
8.817000389099121094e-01
8.424999117851257324e-01
8.565999865531921387e-01
7.708001136779785156e-01
8.174001574516296387e-01
7.738001346588134766e-01
8.603998422622680664e-01
8.408999443054199219e-01
8.475002050399780273e-01
8.252999186515808105e-01
8.299999833106994629e-01
8.666002154350280762e-01
8.366001248359680176e-01
8.409999012947082520e-01
8.066999912261962891e-01
8.141002058982849121e-01
9.078001379966735840e-01
8.654001355171203613e-01
8.781001567840576172e-01
9.245002269744873047e-01
8.674002289772033691e-01
8.526999950408935547e-01
8.367999792098999023e-01
9.193000197410583496e-01
7.907997965812683105e-01
6.504998803138732910e-01
9.196000099182128906e-01
8.791999816894531250e-01
9.131999015808105469e-01
8.879001736640930176e-01
7.782999277114868164e-01
7.726999521255493164e-01
8.197999000549316406e-01
7.975000739097595215e-01
8.631000518798828125e-01
8.827002644538879395e-01
8.325001597404479980e-01
9.231998920440673828e-01
8.993000984191894531e-01
8.902999758720397949e-01
8.791997432708740234e-01
8.741000890731811523e-01
9.123001694679260254e-01
8.528998494148254395e-01
9.076999425888061523e-01
8.770000934600830078e-01
9.091000556945800781e-01
8.789997696876525879e-01
8.706000447273254395e-01
8.869999647140502930e-01
7.697002291679382324e-01
8.333999514579772949e-01
8.486000299453735352e-01
8.944999575614929199e-01
8.061000704765319824e-01
8.412999510765075684e-01
9.089000821113586426e-01
8.566001653671264648e-01
8.779999613761901855e-01
9.003001451492309570e-01
