3.083000481128692627e-01
4.404000341892242432e-01
5.052000284194946289e-01
4.975999593734741211e-01
5.403000116348266602e-01
5.579999685287475586e-01
5.749999880790710449e-01
5.981001853942871094e-01
6.120998859405517578e-01
6.370999813079833984e-01
6.754997968673706055e-01
6.910998821258544922e-01
7.106001973152160645e-01
7.295998930931091309e-01
7.372000217437744141e-01
7.483999729156494141e-01
7.650001645088195801e-01
7.730999588966369629e-01
7.795000672340393066e-01
7.865001559257507324e-01
7.811999320983886719e-01
7.943998575210571289e-01
8.071000576019287109e-01
8.103000521659851074e-01
8.181002140045166016e-01
8.226000070571899414e-01
8.213999271392822266e-01
8.152999877929687500e-01
8.299998641014099121e-01
8.326999545097351074e-01
8.201000094413757324e-01
8.320001959800720215e-01
8.479000926017761230e-01
8.447001576423645020e-01
8.509998917579650879e-01
8.482999205589294434e-01
8.417999148368835449e-01
8.444000482559204102e-01
8.533000946044921875e-01
8.713000416755676270e-01
8.674002885818481445e-01
8.757001757621765137e-01
8.687000274658203125e-01
8.555999994277954102e-01
8.698000311851501465e-01
8.677999377250671387e-01
8.613003492355346680e-01
8.610001206398010254e-01
8.766000270843505859e-01
8.572998046875000000e-01
8.762000203132629395e-01
8.377999067306518555e-01
8.587000370025634766e-01
8.956001996994018555e-01
8.653997182846069336e-01
8.775999546051025391e-01
8.934001922607421875e-01
8.876999020576477051e-01
8.841001987457275391e-01
8.383998870849609375e-01
8.774000406265258789e-01
8.893999457359313965e-01
8.822000026702880859e-01
8.702000379562377930e-01
8.172001838684082031e-01
8.793999552726745605e-01
8.781999945640563965e-01
8.620000481605529785e-01
8.708001971244812012e-01
8.671997785568237305e-01
8.776999115943908691e-01
8.888001441955566406e-01
8.954998254776000977e-01
8.862001299858093262e-01
8.938998579978942871e-01
8.751999139785766602e-01
8.895001411437988281e-01
8.784999847412109375e-01
8.604001402854919434e-01
8.765999078750610352e-01
8.817997574806213379e-01
8.798999190330505371e-01
8.612999916076660156e-01
8.896999955177307129e-01
9.016001820564270020e-01
8.802000284194946289e-01
8.762997984886169434e-01
8.400001525878906250e-01
8.851999640464782715e-01
8.989000916481018066e-01
8.729000687599182129e-01
9.143998622894287109e-01
8.949998617172241211e-01
8.592998385429382324e-01
8.498001694679260254e-01
8.303000926971435547e-01
8.978003859519958496e-01
7.399998307228088379e-01
8.544998764991760254e-01
8.500000238418579102e-01
