3.606000244617462158e-01
4.843999743461608887e-01
4.462998509407043457e-01
5.062000155448913574e-01
6.188998222351074219e-01
7.124999761581420898e-01
7.645998597145080566e-01
7.958001494407653809e-01
7.701001167297363281e-01
7.544000744819641113e-01
7.913998365402221680e-01
8.459000587463378906e-01
8.400000929832458496e-01
8.317999243736267090e-01
7.909998893737792969e-01
8.746002316474914551e-01
8.431999087333679199e-01
8.409999608993530273e-01
8.634001016616821289e-01
8.489001989364624023e-01
8.391001224517822266e-01
8.478999137878417969e-01
8.644001483917236328e-01
8.364002108573913574e-01
8.920001983642578125e-01
9.003000855445861816e-01
8.666000962257385254e-01
8.576000928878784180e-01
8.492000699043273926e-01
8.647000789642333984e-01
8.883001208305358887e-01
8.805997967720031738e-01
8.895002007484436035e-01
9.036000967025756836e-01
9.062002301216125488e-01
8.255000114440917969e-01
8.851999044418334961e-01
9.050999283790588379e-01
9.039000868797302246e-01
9.133999347686767578e-01
9.072998762130737305e-01
8.864999413490295410e-01
9.082002043724060059e-01
9.150002002716064453e-01
9.280999898910522461e-01
9.212998151779174805e-01
8.673000335693359375e-01
9.023000597953796387e-01
8.398001790046691895e-01
9.097999334335327148e-01
8.055000901222229004e-01
8.480998873710632324e-01
9.209000468254089355e-01
9.149999022483825684e-01
8.984001278877258301e-01
9.198998808860778809e-01
9.273999929428100586e-01
8.739999532699584961e-01
9.220998287200927734e-01
8.770998120307922363e-01
9.302999973297119141e-01
9.055000543594360352e-01
9.180000424385070801e-01
9.198000431060791016e-01
9.259999990463256836e-01
8.988997936248779297e-01
8.863999843597412109e-01
9.334998130798339844e-01
9.259001016616821289e-01
9.278001189231872559e-01
9.278999567031860352e-01
8.981001973152160645e-01
9.416000843048095703e-01
9.293000102043151855e-01
8.978999853134155273e-01
8.580001592636108398e-01
9.196000695228576660e-01
9.081003665924072266e-01
9.380000233650207520e-01
9.341000318527221680e-01
9.302998185157775879e-01
9.200000762939453125e-01
9.348999261856079102e-01
9.380000233650207520e-01
9.137000441551208496e-01
9.326999187469482422e-01
9.126001596450805664e-01
9.345999956130981445e-01
9.300000071525573730e-01
9.215000867843627930e-01
8.799999952316284180e-01
9.330000877380371094e-01
9.321998357772827148e-01
9.317001104354858398e-01
9.248000979423522949e-01
9.233999848365783691e-01
9.178997874259948730e-01
9.152002930641174316e-01
9.322000741958618164e-01
9.370999336242675781e-01
