4.488999843597412109e-01
4.921998977661132812e-01
4.568000137805938721e-01
5.062999129295349121e-01
6.121999621391296387e-01
6.525999307632446289e-01
5.967000126838684082e-01
6.708000302314758301e-01
7.037001252174377441e-01
7.208999395370483398e-01
7.642001509666442871e-01
8.190001845359802246e-01
7.627999186515808105e-01
8.085000514984130859e-01
8.351001739501953125e-01
8.273001909255981445e-01
7.959000468254089355e-01
8.133000731468200684e-01
7.936998605728149414e-01
8.164999485015869141e-01
7.433000802993774414e-01
8.003001213073730469e-01
7.724999785423278809e-01
8.505003452301025391e-01
7.479000091552734375e-01
8.296002745628356934e-01
8.569999933242797852e-01
8.739002346992492676e-01
8.374999165534973145e-01
7.827001214027404785e-01
8.718001842498779297e-01
8.509998917579650879e-01
8.379001617431640625e-01
8.747000098228454590e-01
8.812004327774047852e-01
7.994000911712646484e-01
7.961997985839843750e-01
8.848001360893249512e-01
8.687000274658203125e-01
8.609000444412231445e-01
8.747997879981994629e-01
8.849002122879028320e-01
8.149001598358154297e-01
8.601001501083374023e-01
8.176999688148498535e-01
8.703999519348144531e-01
8.920000195503234863e-01
8.852002024650573730e-01
9.050999283790588379e-01
9.107000827789306641e-01
9.026000499725341797e-01
8.761001825332641602e-01
8.757000565528869629e-01
8.262999057769775391e-01
8.755000829696655273e-01
8.844001293182373047e-01
8.780999779701232910e-01
8.792001605033874512e-01
8.906999230384826660e-01
9.204000234603881836e-01
9.114999175071716309e-01
9.179003238677978516e-01
9.207000136375427246e-01
8.707000017166137695e-01
8.922002315521240234e-01
9.019999504089355469e-01
9.047001600265502930e-01
9.142999053001403809e-01
8.987001180648803711e-01
8.803999423980712891e-01
8.950001597404479980e-01
9.154001474380493164e-01
9.147998690605163574e-01
9.251998066902160645e-01
8.900998830795288086e-01
9.256000518798828125e-01
9.199001789093017578e-01
9.089001417160034180e-01
9.201999902725219727e-01
9.213000535964965820e-01
9.067000746726989746e-01
8.850001692771911621e-01
9.206000566482543945e-01
9.246997833251953125e-01
9.120998978614807129e-01
9.224998950958251953e-01
9.211000204086303711e-01
9.295000433921813965e-01
8.882999420166015625e-01
9.075998663902282715e-01
9.162001609802246094e-01
9.058000445365905762e-01
9.071002006530761719e-01
9.364000558853149414e-01
9.200002551078796387e-01
9.246999621391296387e-01
9.317001104354858398e-01
8.626000285148620605e-01
8.834999799728393555e-01
9.195998907089233398e-01
