4.088000059127807617e-01
4.648000001907348633e-01
4.570999145507812500e-01
4.858000278472900391e-01
5.393001437187194824e-01
6.542999148368835449e-01
5.910001397132873535e-01
6.051999926567077637e-01
6.966999173164367676e-01
6.915999054908752441e-01
7.059000134468078613e-01
6.327000260353088379e-01
6.725999712944030762e-01
7.488000392913818359e-01
7.482000589370727539e-01
7.646001577377319336e-01
7.964003086090087891e-01
8.159997463226318359e-01
7.784999608993530273e-01
7.823002338409423828e-01
8.399999737739562988e-01
8.050002455711364746e-01
8.345001935958862305e-01
7.740001678466796875e-01
7.342000007629394531e-01
7.648000121116638184e-01
8.130002021789550781e-01
7.871001362800598145e-01
8.150999546051025391e-01
8.608002662658691406e-01
8.704000711441040039e-01
8.388999700546264648e-01
8.508000969886779785e-01
8.175998926162719727e-01
8.598002791404724121e-01
8.113000392913818359e-01
8.814000487327575684e-01
8.349001407623291016e-01
8.549000620841979980e-01
8.001999855041503906e-01
8.187997341156005859e-01
8.683001995086669922e-01
8.239000439643859863e-01
9.000998735427856445e-01
8.605000972747802734e-01
8.929001092910766602e-01
8.694002628326416016e-01
8.422001600265502930e-01
8.972999453544616699e-01
8.672998547554016113e-01
8.691002130508422852e-01
8.824999928474426270e-01
8.382001519203186035e-01
8.567001223564147949e-01
8.999999761581420898e-01
8.745000362396240234e-01
7.794000506401062012e-01
8.727000355720520020e-01
9.009999632835388184e-01
8.492003083229064941e-01
8.648000955581665039e-01
8.877002000808715820e-01
9.092998504638671875e-01
8.896001577377319336e-01
8.843002319335937500e-01
9.061999320983886719e-01
8.848999738693237305e-01
8.965999484062194824e-01
9.088997840881347656e-01
8.941000103950500488e-01
9.195997118949890137e-01
9.027999043464660645e-01
8.901999592781066895e-01
9.119998812675476074e-01
9.070999622344970703e-01
8.704002499580383301e-01
8.992000818252563477e-01
8.676999807357788086e-01
8.987999558448791504e-01
8.575000166893005371e-01
8.734002709388732910e-01
8.995999693870544434e-01
9.086998105049133301e-01
9.123001694679260254e-01
8.856999874114990234e-01
8.903001546859741211e-01
8.914002180099487305e-01
9.180001020431518555e-01
9.011999368667602539e-01
8.633000850677490234e-01
8.671001195907592773e-01
8.703001141548156738e-01
8.904001116752624512e-01
8.494001030921936035e-01
8.676999807357788086e-01
8.754000067710876465e-01
8.804002404212951660e-01
8.830001950263977051e-01
8.907001614570617676e-01
8.722000718116760254e-01
