3.388999998569488525e-01
2.522000074386596680e-01
3.566001057624816895e-01
5.170998573303222656e-01
6.962000131607055664e-01
5.854001641273498535e-01
7.315000891685485840e-01
6.380999684333801270e-01
6.413000226020812988e-01
7.921001315116882324e-01
7.144998908042907715e-01
8.117000460624694824e-01
7.710001468658447266e-01
8.101999759674072266e-01
7.993000149726867676e-01
8.529002666473388672e-01
8.236999511718750000e-01
7.702000141143798828e-01
8.326001167297363281e-01
8.441998362541198730e-01
8.529998660087585449e-01
8.255000114440917969e-01
8.295000195503234863e-01
8.383999466896057129e-01
8.379001021385192871e-01
8.658000230789184570e-01
8.858999609947204590e-01
8.685002923011779785e-01
8.532999157905578613e-01
8.794999718666076660e-01
8.404000997543334961e-01
8.833000063896179199e-01
8.639000058174133301e-01
8.887000083923339844e-01
8.854000568389892578e-01
8.146999478340148926e-01
9.051998257637023926e-01
8.888000249862670898e-01
8.842999935150146484e-01
9.040001630783081055e-01
8.928002119064331055e-01
8.662999868392944336e-01
8.947001099586486816e-01
9.020000696182250977e-01
8.729999065399169922e-01
8.855998516082763672e-01
9.133998751640319824e-01
8.973999023437500000e-01
9.160000085830688477e-01
8.996999263763427734e-01
8.985001444816589355e-01
9.066002368927001953e-01
9.020999670028686523e-01
9.144998788833618164e-01
8.809999823570251465e-01
9.175003170967102051e-01
9.199000000953674316e-01
9.031999111175537109e-01
9.046001434326171875e-01
9.148001670837402344e-01
9.137001037597656250e-01
9.127998948097229004e-01
8.992001414299011230e-01
9.188001155853271484e-01
9.207000732421875000e-01
9.016999602317810059e-01
9.162999987602233887e-01
9.140999317169189453e-01
8.912999629974365234e-01
9.153997898101806641e-01
9.190001487731933594e-01
9.054002165794372559e-01
9.177001118659973145e-01
8.768999576568603516e-01
9.128000736236572266e-01
9.136000871658325195e-01
9.107001423835754395e-01
9.186001420021057129e-01
9.190000295639038086e-01
9.196001291275024414e-01
9.120001196861267090e-01
9.105998873710632324e-01
9.232000112533569336e-01
9.078000783920288086e-01
9.219000935554504395e-01
9.167001247406005859e-01
9.002000689506530762e-01
8.802000284194946289e-01
9.247000217437744141e-01
9.305000305175781250e-01
9.141001701354980469e-01
9.272002577781677246e-01
9.109000563621520996e-01
9.223000407218933105e-01
9.247000813484191895e-01
9.281003475189208984e-01
9.235002994537353516e-01
9.041997790336608887e-01
9.252998232841491699e-01
9.298998117446899414e-01
