4.080000221729278564e-01
4.044999182224273682e-01
6.880000233650207520e-01
6.373999118804931641e-01
6.157000064849853516e-01
6.834000349044799805e-01
7.501997947692871094e-01
7.347001433372497559e-01
6.961999535560607910e-01
7.191998958587646484e-01
7.886998653411865234e-01
8.009002208709716797e-01
7.421000599861145020e-01
8.127999901771545410e-01
8.510000705718994141e-01
8.490000367164611816e-01
8.272998929023742676e-01
8.007999658584594727e-01
8.414001464843750000e-01
8.346998691558837891e-01
8.380002379417419434e-01
7.875000238418579102e-01
8.102000951766967773e-01
8.352003693580627441e-01
8.362999558448791504e-01
8.436001539230346680e-01
8.644000887870788574e-01
8.870001435279846191e-01
8.603000044822692871e-01
8.705000877380371094e-01
8.750000596046447754e-01
8.544998168945312500e-01
8.587000370025634766e-01
8.673002719879150391e-01
8.538998365402221680e-01
8.881002068519592285e-01
8.779000043869018555e-01
8.811000585556030273e-01
8.748999238014221191e-01
8.530001640319824219e-01
8.861998915672302246e-01
8.921999931335449219e-01
8.932002782821655273e-01
8.771000504493713379e-01
8.890004158020019531e-01
8.972001075744628906e-01
9.015999436378479004e-01
9.064000844955444336e-01
8.941000103950500488e-01
8.950001597404479980e-01
9.093998670578002930e-01
8.929001688957214355e-01
8.975999951362609863e-01
8.905003070831298828e-01
8.943002223968505859e-01
8.980001807212829590e-01
9.003000855445861816e-01
8.994002342224121094e-01
9.060998558998107910e-01
9.041000604629516602e-01
9.073999524116516113e-01
9.046998620033264160e-01
9.029998779296875000e-01
9.074999094009399414e-01
9.041998386383056641e-01
9.056000709533691406e-01
9.058999419212341309e-01
9.119998812675476074e-01
9.129999279975891113e-01
9.158998131752014160e-01
9.174997806549072266e-01
9.148996472358703613e-01
9.134998917579650879e-01
9.129999279975891113e-01
9.150997996330261230e-01
9.147996306419372559e-01
9.137996435165405273e-01
9.146998524665832520e-01
9.175995588302612305e-01
9.167997837066650391e-01
9.207997322082519531e-01
9.197997450828552246e-01
9.180996417999267578e-01
9.161998033523559570e-01
9.199995994567871094e-01
9.202998876571655273e-01
9.195997714996337891e-01
9.190996289253234863e-01
9.201996326446533203e-01
9.198998212814331055e-01
9.207997918128967285e-01
9.213998317718505859e-01
9.202995300292968750e-01
9.222998023033142090e-01
9.230999946594238281e-01
9.235000014305114746e-01
9.241999983787536621e-01
9.231998920440673828e-01
9.236999750137329102e-01
9.224998950958251953e-01
