3.081999719142913818e-01
3.587999343872070312e-01
5.049998760223388672e-01
6.592001318931579590e-01
6.324999928474426270e-01
6.668000221252441406e-01
8.052999377250671387e-01
7.475997805595397949e-01
7.174999713897705078e-01
7.706998586654663086e-01
8.326999545097351074e-01
7.987999916076660156e-01
7.756999135017395020e-01
7.371002435684204102e-01
7.961000800132751465e-01
7.986000776290893555e-01
8.226001262664794922e-01
8.172999620437622070e-01
8.549000024795532227e-01
8.419998288154602051e-01
8.362001180648803711e-01
8.500999212265014648e-01
8.047999739646911621e-01
8.661999702453613281e-01
8.499000072479248047e-01
8.009999990463256836e-01
8.196998834609985352e-01
8.391000628471374512e-01
8.647000193595886230e-01
8.754003643989562988e-01
8.463997840881347656e-01
8.416001200675964355e-01
8.215999603271484375e-01
8.504998683929443359e-01
8.326999545097351074e-01
8.558000326156616211e-01
8.665000200271606445e-01
8.781998157501220703e-01
8.701000213623046875e-01
8.027999401092529297e-01
8.779999613761901855e-01
8.867001533508300781e-01
8.724000453948974609e-01
9.014998674392700195e-01
8.835000395774841309e-01
8.786000609397888184e-01
8.730002641677856445e-01
8.954999446868896484e-01
9.067000746726989746e-01
8.844999670982360840e-01
8.658998608589172363e-01
8.914004564285278320e-01
9.093997478485107422e-01
8.952002525329589844e-01
9.029002189636230469e-01
9.072998762130737305e-01
9.135001897811889648e-01
8.896999955177307129e-01
8.937998414039611816e-01
8.979001045227050781e-01
9.082999229431152344e-01
8.851000070571899414e-01
9.091998934745788574e-01
9.115001559257507324e-01
9.198002815246582031e-01
9.049003124237060547e-01
8.746001720428466797e-01
9.064998626708984375e-01
8.999000787734985352e-01
9.042003154754638672e-01
9.075998067855834961e-01
9.082999229431152344e-01
8.996000885963439941e-01
8.696000576019287109e-01
9.051000475883483887e-01
8.786000013351440430e-01
9.169000983238220215e-01
9.024001955986022949e-01
9.013999700546264648e-01
9.295002818107604980e-01
8.941999077796936035e-01
8.844001293182373047e-01
9.173003435134887695e-01
9.085003733634948730e-01
8.868998885154724121e-01
8.789001703262329102e-01
8.891999125480651855e-01
9.100000262260437012e-01
9.197001457214355469e-01
9.265998601913452148e-01
9.242000579833984375e-01
9.322000741958618164e-01
9.214001297950744629e-01
9.115998148918151855e-01
8.901001811027526855e-01
9.275996685028076172e-01
9.059999585151672363e-01
9.211000204086303711e-01
9.330000281333923340e-01
9.389001727104187012e-01
