4.465999901294708252e-01
4.653999209403991699e-01
5.561000704765319824e-01
5.876001119613647461e-01
5.839000344276428223e-01
6.722999811172485352e-01
6.533000469207763672e-01
6.367001533508300781e-01
7.186000943183898926e-01
7.231998443603515625e-01
7.386000156402587891e-01
7.601001262664794922e-01
7.263000607490539551e-01
7.227001786231994629e-01
7.681002616882324219e-01
7.818998694419860840e-01
7.962998747825622559e-01
7.566999793052673340e-01
8.247998952865600586e-01
8.243002295494079590e-01
7.992000579833984375e-01
8.047000765800476074e-01
8.048000335693359375e-01
8.130000233650207520e-01
8.196000456809997559e-01
8.291000127792358398e-01
8.520998954772949219e-01
8.288002014160156250e-01
8.270999789237976074e-01
8.557001352310180664e-01
8.386002182960510254e-01
8.375999927520751953e-01
8.502998948097229004e-01
8.725002408027648926e-01
8.677002191543579102e-01
8.533002734184265137e-01
8.775997161865234375e-01
8.737999200820922852e-01
8.860001564025878906e-01
8.606000542640686035e-01
8.583998680114746094e-01
8.743997216224670410e-01
8.909001350402832031e-01
8.858001232147216797e-01
8.822000026702880859e-01
8.909003734588623047e-01
8.882000446319580078e-01
8.930001258850097656e-01
8.914999961853027344e-01
8.732001781463623047e-01
8.769997954368591309e-01
8.592002391815185547e-01
8.788001537322998047e-01
8.636002540588378906e-01
8.747000694274902344e-01
8.592000007629394531e-01
8.846001625061035156e-01
8.843001723289489746e-01
8.551999926567077637e-01
8.871001601219177246e-01
8.927001953125000000e-01
8.938998579978942871e-01
8.878000378608703613e-01
8.884002566337585449e-01
8.997001051902770996e-01
8.908004164695739746e-01
9.065998792648315430e-01
8.962000012397766113e-01
9.079000353813171387e-01
9.098001122474670410e-01
9.014999866485595703e-01
8.932999968528747559e-01
8.891000151634216309e-01
9.128000736236572266e-01
8.963001370429992676e-01
8.971000909805297852e-01
8.951999545097351074e-01
9.016999006271362305e-01
9.129997491836547852e-01
9.135000705718994141e-01
9.111000299453735352e-01
9.035998582839965820e-01
8.964999318122863770e-01
9.154001474380493164e-01
9.071000814437866211e-01
9.057999253273010254e-01
9.196001291275024414e-01
9.130000472068786621e-01
9.108998775482177734e-01
9.166001677513122559e-01
9.157997965812683105e-01
9.130000472068786621e-01
9.123001694679260254e-01
9.018998146057128906e-01
9.196000099182128906e-01
9.112001657485961914e-01
9.177000522613525391e-01
9.181001186370849609e-01
9.091001749038696289e-01
9.105998873710632324e-01
