0.48070002
0.50829995
0.5723999
0.5310001
0.4636999
0.5942999
0.68959975
0.74550015
0.72749984
0.8239002
0.73629993
0.82010037
0.8338001
0.8046998
0.8305999
0.86410004
0.8493999
0.84379995
0.8561998
0.88799995
0.81300014
0.8231
0.8203
0.79269993
0.8308997
0.83640015
0.7681999
0.78759986
0.8727001
0.86290014
0.8446
0.89580005
0.8661999
0.8921002
0.90189976
0.8509999
0.9186999
0.88140005
0.9162001
0.8985002
0.8919
0.89979976
0.82510006
0.7925999
0.7533001
0.84559995
0.88679993
0.87690026
0.9102001
0.8857997
0.8558001
0.85760015
0.9156997
0.9067
0.9104
0.9019
0.9059002
0.88430005
0.9106001
0.89309996
0.91860014
0.888
0.92849994
0.92259985
0.9156001
0.8818
0.93919986
0.89540005
0.9003999
0.8534999
0.90080017
0.9109
0.8899
0.9353001
0.93270004
0.9294999
0.92280006
0.9006002
0.8977
0.9208997
0.9013999
0.8842
0.9073001
0.8378999
0.92789966
0.92500013
0.9123002
0.9321003
0.9112999
0.8999
0.87489986
0.9200997
0.92930007
0.92139995
0.91499996
0.91519994
0.9265001
0.9407
0.91539997
0.93580014