0.2891
0.354
0.44009984
0.5603
0.4140999
0.59959996
0.6016
0.7172
0.6973998
0.67929983
0.69740003
0.76440006
0.70159996
0.71239996
0.7941999
0.7636002
0.8331998
0.7746
0.7417
0.7368999
0.79499996
0.8596999
0.853
0.7802997
0.85790014
0.84409994
0.724
0.77699995
0.8351002
0.77180004
0.8664999
0.85510033
0.84400016
0.8572001
0.8513001
0.83049995
0.8219
0.8397002
0.8582001
0.87630004
0.8056001
0.81530005
0.8885001
0.8843003
0.83110005
0.8806
0.8834998
0.8096001
0.8949998
0.88940006
0.8806001
0.87530017
0.8942998
0.80809987
0.83869976
0.85980004
0.8942999
0.8948002
0.90419996
0.89499974
0.8501001
0.7898
0.9069999
0.89110005
0.90719974
0.8829998
0.8593999
0.9003
0.9051003
0.9050999
0.8894998
0.8806001
0.90919995
0.9065001
0.88799995
0.86630005
0.9099001
0.89470005
0.9225001
0.9038
0.8987999
0.88559985
0.9102999
0.9024002
0.911
0.89240044
0.8609999
0.85989994
0.87699974
0.86660016
0.89960015
0.91929996
0.85880005
0.9144
0.89909995
0.90829974
0.92049986
0.9083
0.8914
0.8728