0.30059996
0.39079997
0.3387
0.5450001
0.57860005
0.6615
0.68939996
0.75909996
0.73389983
0.7780999
0.75650007
0.7890997
0.7388999
0.75219995
0.76149994
0.77100027
0.76920015
0.79709995
0.7832002
0.8068999
0.8495999
0.7669998
0.843
0.8003999
0.83409995
0.7789999
0.82829976
0.8093
0.83160007
0.8328
0.8727
0.85809994
0.82690006
0.8447001
0.88119996
0.89419997
0.8926
0.8344
0.8303
0.8636
0.8501001
0.8951
0.8977001
0.84679997
0.8717999
0.8601001
0.8975002
0.8913001
0.88059986
0.8749003
0.86400014
0.8313999
0.87309986
0.9046002
0.8895002
0.8691999
0.89250016
0.8893001
0.9098001
0.8890002
0.8878002
0.9199001
0.91399974
0.89600015
0.91709995
0.8963
0.87560004
0.8854998
0.9084
0.9062001
0.89470005
0.9189001
0.9151001
0.8957
0.90579987
0.9179001
0.9082
0.92120016
0.9082
0.90929985
0.8927002
0.90279984
0.91299987
0.91880006
0.91639996
0.92020017
0.9261001
0.89300007
0.9113999
0.9272
0.9241001
0.9188001
0.9216001
0.8847003
0.9079
0.8880998
0.90050006
0.92110014
0.901
0.9153001