0.3025
0.42969996
0.41269997
0.44539988
0.47270003
0.6477999
0.5641999
0.6253
0.6001001
0.6607999
0.6376
0.6484
0.71720016
0.7615
0.7607
0.7467999
0.7814
0.76680005
0.8353002
0.81369996
0.7717
0.8419001
0.8526998
0.84360015
0.85469997
0.80050004
0.84589994
0.85669994
0.8367999
0.83650005
0.81610024
0.8530001
0.8113
0.8279
0.83780015
0.85240006
0.85759985
0.873
0.8531001
0.8405
0.8353
0.88609976
0.8873002
0.83859986
0.8604999
0.88940006
0.85620016
0.87259984
0.87979984
0.8949
0.9037999
0.88240004
0.9051
0.90529996
0.8988999
0.8956999
0.88970006
0.89640003
0.9015
0.90349996
0.9002999
0.90059996
0.88219994
0.8833
0.9123001
0.89880025
0.84570014
0.8799999
0.87100005
0.9019
0.90929997
0.902
0.9169999
0.8977001
0.8845999
0.9037
0.90640014
0.9118001
0.912
0.9076999
0.9069001
0.89840007
0.89710003
0.8888002
0.9087998
0.91860014
0.91539997
0.9117001
0.92219985
0.91589993
0.9194999
0.90839994
0.9138
0.9
0.90650016
0.89110017
0.91269994
0.9069
0.92590004
0.9164001