0.42699993
0.45339996
0.31259996
0.453
0.5834
0.6803999
0.6424999
0.6723998
0.59929997
0.6737998
0.7749002
0.8227999
0.7383998
0.75649995
0.7261001
0.7395999
0.8746
0.84199977
0.8490999
0.8024999
0.8164
0.7983001
0.82830006
0.7930999
0.8694
0.8798001
0.77699995
0.7383
0.8501001
0.8771998
0.6865
0.7459001
0.8076
0.8628998
0.8434
0.89119995
0.82640004
0.8334
0.7938999
0.8817
0.87909997
0.8697999
0.8728997
0.83839977
0.8486
0.8909
0.8708
0.8800998
0.8758
0.8269003
0.8721002
0.8837001
0.8572999
0.8593999
0.8714999
0.7926
0.7271999
0.9120002
0.9143998
0.8474001
0.8783003
0.8947002
0.78529966
0.8566002
0.8668001
0.9250999
0.90649986
0.8824
0.88899994
0.8611998
0.75659996
0.8120001
0.85659987
0.90369993
0.8913
0.90309995
0.91670007
0.84750015
0.9231999
0.86699986
0.8864001
0.9141996
0.92400014
0.92089987
0.9291998
0.9060999
0.9005997
0.7936999
0.84430003
0.91779983
0.9107999
0.91750014
0.9085
0.9248998
0.887
0.9241999
0.8874002
0.8816
0.8572999
0.9186004