0.4415999
0.49310002
0.33339998
0.40600008
0.42479992
0.53290004
0.60249984
0.6512999
0.6752001
0.6077
0.75090015
0.8074001
0.68089986
0.7273002
0.7063
0.71810013
0.7972998
0.7844
0.7829999
0.78500015
0.63199997
0.8062998
0.75640005
0.6952001
0.8114001
0.7421999
0.69150007
0.7486998
0.7607
0.82940006
0.7610001
0.8401999
0.8497001
0.79109997
0.86210036
0.87890005
0.84839994
0.8068999
0.8160999
0.7978001
0.81989974
0.84420013
0.77240014
0.89220023
0.82220006
0.8071
0.87060016
0.83839977
0.9037
0.8593999
0.8521001
0.87720007
0.8888
0.85210025
0.84529996
0.8868002
0.7997001
0.85959995
0.8526001
0.8774001
0.9091999
0.8838001
0.8759
0.89200026
0.8657999
0.8816001
0.8585001
0.9009998
0.8516001
0.8692999
0.8751
0.84220016
0.8767
0.8493001
0.89869994
0.9026999
0.8783998
0.8657003
0.8632001
0.8816001
0.91509986
0.9112002
0.8983
0.8736999
0.8835002
0.8718002
0.8539002
0.9049999
0.89810026
0.9169002
0.9197003
0.87409985
0.90570015
0.8942
0.91440016
0.9253999
0.80120003
0.9034001
0.8805001
0.85999995