0.29230002
0.35769996
0.33740005
0.4354999
0.25489995
0.53379995
0.4684
0.48009995
0.6183
0.6141999
0.5646001
0.44429997
0.5847999
0.6480999
0.71229994
0.63379997
0.6970999
0.7173999
0.6177
0.69729996
0.73620003
0.6938999
0.76420003
0.7961996
0.8313002
0.8285
0.68509984
0.66089994
0.7431001
0.72930014
0.7360999
0.68410003
0.8004
0.8502001
0.7964001
0.7932001
0.8344002
0.8489001
0.87210006
0.83250004
0.80089986
0.85289997
0.8228001
0.82349974
0.8337002
0.8058998
0.86560005
0.8525001
0.8696
0.8859999
0.7508998
0.8239
0.8814
0.8948999
0.8714001
0.86730003
0.8924
0.86740005
0.87580013
0.879
0.8929
0.84070003
0.88510025
0.86109996
0.7909001
0.85310024
0.89039975
0.8886003
0.89150006
0.8928001
0.8874999
0.86450016
0.8999999
0.88509995
0.8825001
0.79180014
0.7554
0.86420006
0.8545999
0.90200025
0.83930004
0.86370003
0.84519994
0.88939995
0.9039999
0.87940013
0.91049993
0.87090033
0.89660007
0.8549999
0.8838
0.87480026
0.88120013
0.9036
0.91029984
0.90839994
0.87759995
0.8728
0.86259985
0.9093