0.29439995
0.33340004
0.51769984
0.5602999
0.6310999
0.57249993
0.59219974
0.6561
0.63389987
0.7206
0.6986
0.79599994
0.7772999
0.7878999
0.78929967
0.7413999
0.8134
0.7920001
0.7722999
0.78119993
0.8321
0.8343
0.7695
0.77110004
0.8222
0.8613998
0.84800017
0.81269985
0.87490004
0.8780003
0.8475999
0.86550033
0.8833001
0.8863999
0.8921001
0.8755
0.8864001
0.8872
0.8690002
0.8840998
0.8756
0.88070005
0.9044001
0.8916
0.9069999
0.8922999
0.9009
0.8797998
0.88830024
0.88459975
0.9084002
0.90640026
0.8846002
0.8951
0.8913999
0.9064
0.90000004
0.9109999
0.91929984
0.91530013
0.9056999
0.9086
0.9171997
0.90279996
0.91289985
0.8820001
0.89859974
0.896
0.8835002
0.9147
0.88989997
0.91099983
0.9137999
0.8806
0.89940006
0.9159
0.9092
0.9117997
0.8944
0.9048
0.91
0.90749985
0.90279996
0.9237998
0.8988998
0.9243999
0.9204001
0.92020005
0.9191999
0.9158998
0.92400014
0.9217999
0.9139999
0.92400014
0.91809994
0.9176999
0.8995002
0.90729994
0.9186999
0.9016002