0.37950006
0.33619994
0.3882
0.48819995
0.47070011
0.59659994
0.5875999
0.6563999
0.6792
0.68440014
0.6494
0.78979987
0.73159987
0.7043999
0.6466999
0.6935
0.7652998
0.72479993
0.722
0.8036001
0.79690003
0.70909995
0.81800026
0.8466001
0.87240005
0.8711
0.82780004
0.82829976
0.8535999
0.84970015
0.7744
0.8271
0.8469998
0.8801001
0.8408
0.8878998
0.8921
0.8008001
0.78880006
0.7843999
0.8020998
0.8656001
0.77259994
0.83510023
0.84620017
0.85530037
0.90729994
0.88119984
0.8696999
0.89650005
0.8880003
0.9056
0.89750004
0.9043999
0.91440016
0.82800025
0.8767998
0.87799996
0.8884001
0.8872001
0.90440017
0.8819
0.90579975
0.91209966
0.8714999
0.9101999
0.9039004
0.88979995
0.84840024
0.8735
0.86689985
0.89320004
0.90350014
0.88499993
0.9019999
0.9056002
0.91600007
0.88690007
0.90739995
0.90349984
0.9135999
0.9226001
0.9251001
0.9002
0.9196002
0.91690016
0.90720004
0.90309995
0.90889984
0.9286001
0.9155999
0.9017999
0.91199994
0.9014
0.9144001
0.90489995
0.9270001
0.9206998
0.9058003
0.92359996