0.39699993
0.43820003
0.35299996
0.47480002
0.6162001
0.60250014
0.5599
0.7130998
0.6558
0.6666999
0.6956
0.71769994
0.6734998
0.7233001
0.7097
0.75869995
0.73569983
0.7419
0.7902001
0.7053
0.7344999
0.76390004
0.80300003
0.8026
0.7877999
0.8620999
0.7762002
0.81250006
0.84849983
0.8362997
0.84199995
0.82820004
0.81040007
0.7678998
0.74240005
0.8682002
0.87520003
0.8115001
0.8479001
0.8548999
0.8173
0.8600003
0.81290007
0.8577002
0.7359998
0.85849994
0.86620015
0.84039974
0.86550015
0.8416
0.8629001
0.8536999
0.83210003
0.8431997
0.87939984
0.8742998
0.89869976
0.8727003
0.86480004
0.7551
0.8795001
0.8494
0.8752
0.8331999
0.8631999
0.84150004
0.9010999
0.89790004
0.9066002
0.8530001
0.8567001
0.8271001
0.87670004
0.8822998
0.86590004
0.8745
0.8591999
0.8571999
0.9049999
0.8886001
0.88449997
0.8529002
0.88240033
0.88010013
0.91209996
0.8944
0.89290005
0.9027003
0.9150001
0.8419002
0.83680004
0.8979
0.88879997
0.8863999
0.87650037
0.91969967
0.89620006
0.92499995
0.9208999
0.8725002