0.13679998
0.18039995
0.201
0.24679995
0.25219998
0.22329994
0.32449996
0.2619
0.32590008
0.3213001
0.3883001
0.35
0.42529982
0.37680003
0.34929997
0.4158
0.39989993
0.43349996
0.43580002
0.40080002
0.4670999
0.4593001
0.5012001
0.47190002
0.46399996
0.471
0.5064999
0.48170003
0.46670008
0.5042001
0.53729993
0.5191001
0.51610005
0.48809996
0.50890005
0.5046
0.5400999
0.5184999
0.5268999
0.55399996
0.46499994
0.54010004
0.5299001
0.54120004
0.51809984
0.54300004
0.5449999
0.5313999
0.5378001
0.55249983
0.5568
0.53909993
0.5376
0.51359993
0.5118001
0.56729984
0.5766001
0.5725998
0.5456001
0.54629993
0.5383001
0.56030005
0.56699985
0.56649995
0.51489997
0.5205
0.5462
0.52430004
0.57379997
0.5499002
0.5483
0.55199987
0.55430007
0.56329995
0.5521001
0.5457001
0.55129987
0.5679001
0.55030006
0.5568001
0.5612
0.49560004
0.57389987
0.56239986
0.54029995
0.5338
0.53469986
0.56359994
0.5595001
0.5792
0.5771
0.5684002
0.57890004
0.55069995
0.53699994
0.5544
0.5637001
0.56829995
0.5647
0.58050007