0.1721
0.17229994
0.21799996
0.18579997
0.2025999
0.23670001
0.22199996
0.33260003
0.26610002
0.32399997
0.33570004
0.37649992
0.37740004
0.37760004
0.41989994
0.37969998
0.4016
0.4359999
0.46100008
0.4586999
0.3238001
0.35279995
0.31869996
0.43549994
0.382
0.4709
0.49229988
0.45819995
0.42479986
0.36849993
0.44939998
0.4397999
0.36970004
0.3089001
0.46069995
0.49429992
0.44480002
0.45989993
0.48849985
0.5002
0.5234001
0.4622999
0.47439992
0.3950999
0.498
0.53419995
0.4899001
0.5254
0.4345999
0.53669995
0.5340998
0.45619985
0.49389994
0.44309992
0.4927999
0.48819998
0.5047
0.5346001
0.51580006
0.5246999
0.54349995
0.5198
0.53150004
0.5447
0.5454
0.5268
0.54670006
0.5535001
0.5292
0.5755001
0.5710999
0.53079987
0.51299995
0.5222
0.54770005
0.43249995
0.5136998
0.5738
0.5488
0.5319001
0.55050015
0.5455
0.56189996
0.5100999
0.5332999
0.52349985
0.5597001
0.56399995
0.56390005
0.52800006
0.54599994
0.5411999
0.53229994
0.5136999
0.51059985
0.54999995
0.5606999
0.5643
0.57590002
0.5861001