0.13609998
0.20649998
0.22979997
0.23129998
0.22119996
0.2962
0.3173001
0.35950005
0.3599
0.386
0.37570003
0.40449995
0.41019988
0.42659998
0.41499996
0.42659983
0.4442999
0.4560001
0.43959987
0.43949988
0.44489986
0.4868
0.48059997
0.49830008
0.50209993
0.48899996
0.49350002
0.5114998
0.47399992
0.535
0.52269995
0.5019001
0.4973998
0.50879997
0.50159997
0.5122
0.545
0.5149999
0.5454
0.5436001
0.5479002
0.5219998
0.53319997
0.5502999
0.5522999
0.54520005
0.53879994
0.53919995
0.54399997
0.54160005
0.55320007
0.539
0.54069996
0.55009997
0.53459996
0.5405
0.56470007
0.5569
0.5591
0.5599001
0.5626001
0.53859997
0.5274
0.5698002
0.5763
0.56009996
0.56470007
0.57579994
0.5710999
0.55669993
0.55
0.5614999
0.5668
0.56609994
0.57570004
0.5575001
0.5641
0.5654001
0.5655
0.56900007
0.5678999
0.5603001
0.54960024
0.5787
0.56120014
0.5482999
0.5547
0.5379
0.5626999
0.5740002
0.5726
0.56520003
0.5763999
0.57330006
0.5541
0.57559997
0.56589997
0.57299995
0.5648
0.5756999