0.1477
0.20369999
0.2061
0.2551999
0.31200004
0.32369998
0.30190003
0.33470005
0.37110007
0.35250014
0.36530006
0.37610003
0.41929984
0.41839993
0.4161999
0.41399992
0.43490005
0.44709998
0.44769987
0.46069998
0.44629997
0.46959975
0.4717
0.46389994
0.48839995
0.50149995
0.49099982
0.5007
0.49409994
0.5176999
0.51359993
0.50540006
0.5148999
0.52839994
0.5392999
0.5280999
0.5419
0.5397999
0.53549993
0.53740007
0.5384998
0.53549993
0.54010004
0.5544
0.5437
0.5456
0.5572999
0.54520005
0.5535
0.5594
0.55450004
0.55039996
0.5594
0.55899996
0.5543999
0.56629986
0.5607
0.56939995
0.5705001
0.5591001
0.559
0.5582002
0.5605002
0.5727999
0.56750005
0.5552002
0.5538999
0.5732999
0.5729002
0.56790006
0.56970006
0.5649001
0.56439996
0.57539994
0.57600003
0.57949996
0.5679002
0.5714001
0.5680002
0.5713
0.5759001
0.5672
0.5704
0.5752
0.56189996
0.57140005
0.5727999
0.5763
0.58330005
0.5737999
0.5736999
0.5680001
0.5744001
0.5689001
0.5760999
0.58649987
0.5808
0.5797
0.58
0.58089995