0.15540001
0.16879997
0.19519997
0.20599996
0.15779999
0.24239996
0.21979994
0.33310002
0.27710006
0.34400004
0.31859997
0.35639992
0.33400005
0.29050007
0.31630012
0.33319998
0.32590008
0.40779993
0.4294999
0.38359997
0.40770003
0.40039983
0.39429992
0.39179996
0.43969998
0.43329993
0.4316999
0.49089995
0.46709982
0.49239993
0.4609999
0.42809993
0.50220007
0.48719984
0.497
0.5027998
0.4702998
0.4731
0.4707
0.47469988
0.48989996
0.51339996
0.5049
0.4729
0.49230003
0.5013
0.45319995
0.51609993
0.49989992
0.50929993
0.45630005
0.5138999
0.52559996
0.48439994
0.5205
0.4802
0.49359995
0.5431
0.53639996
0.47690004
0.5112
0.52390003
0.5293
0.5254
0.51539993
0.5475
0.53880006
0.5203
0.5328001
0.49069995
0.5281
0.5059999
0.5181999
0.506
0.54960006
0.55760014
0.54730016
0.54629993
0.53400004
0.5387999
0.51469994
0.53050005
0.50689995
0.53919995
0.5512001
0.5411
0.5318999
0.5545
0.5030001
0.5357001
0.5192999
0.5199001
0.5307
0.5050001
0.48449984
0.47749987
0.50960004
0.5255999
0.3869001
0.5108002