0.14739996
0.1804
0.2202
0.24299993
0.29740006
0.29580003
0.2894
0.31079996
0.24200003
0.36209998
0.35469997
0.38189998
0.37349993
0.37890005
0.37210003
0.42039993
0.39139992
0.4341
0.4185998
0.4449999
0.44899994
0.39209992
0.44829997
0.44120002
0.37779993
0.42939985
0.42849994
0.45079985
0.38240004
0.40039995
0.42959997
0.42429987
0.4514
0.4304
0.46809992
0.43369982
0.49849996
0.4380999
0.43309987
0.40840003
0.51600003
0.47899997
0.48900005
0.4587999
0.4465999
0.5066002
0.5089998
0.48979998
0.5258
0.46769992
0.5236
0.48249993
0.4747999
0.48309997
0.49479988
0.5280001
0.4571
0.46420005
0.51869994
0.50119984
0.48299995
0.52329993
0.53879994
0.5301998
0.5279
0.5082
0.54879993
0.5355001
0.5302001
0.50999993
0.5349
0.5229999
0.5028
0.51740015
0.53019994
0.5224001
0.52720004
0.49380004
0.5276
0.51790005
0.54670006
0.5455999
0.50769997
0.52229977
0.555
0.55489993
0.48029995
0.5543
0.55550003
0.5283
0.5050999
0.49440005
0.5298
0.5242999
0.49079996
0.5565001
0.547
0.5411999
0.55240005
0.5002