0.15419994
0.18529996
0.23580003
0.224
0.24999996
0.29160002
0.26720002
0.32479995
0.33299997
0.37000003
0.30380005
0.37769997
0.3498999
0.3407
0.33920008
0.34810004
0.37590012
0.32279995
0.42809993
0.4276999
0.4491999
0.47729996
0.4654999
0.4481001
0.4556
0.46600002
0.4992999
0.5114
0.5147999
0.47640002
0.50179994
0.5106
0.5234
0.52579993
0.49509987
0.5346
0.52840006
0.52049977
0.50890005
0.51450014
0.54630005
0.5255
0.5245999
0.49579993
0.55029994
0.5547
0.47229993
0.53330004
0.5444
0.49389994
0.5207999
0.5254998
0.54399997
0.5144999
0.5596
0.5476999
0.52239996
0.54720014
0.55740017
0.5619001
0.5543
0.55090004
0.518
0.52669996
0.558
0.5616999
0.5493999
0.5562999
0.54450005
0.56469995
0.53670007
0.5421999
0.56979996
0.5714
0.543
0.52009994
0.5240001
0.57280004
0.5650001
0.5688001
0.55199987
0.56969994
0.53889984
0.54119986
0.57189995
0.55649996
0.55249995
0.5323
0.54459995
0.5537002
0.58070016
0.57790005
0.51079994
0.55799997
0.5497999
0.5576
0.56710005
0.5436
0.5725
0.5323