0.1437
0.19419992
0.16979995
0.212
0.2869
0.26930007
0.24379995
0.35520008
0.35289997
0.3745
0.4065999
0.4009
0.41059992
0.2862999
0.31010002
0.37409994
0.4073
0.41680002
0.37759992
0.45329994
0.45079994
0.43699995
0.4307999
0.4874
0.49189994
0.50719994
0.50519997
0.45209995
0.41060013
0.46390003
0.4500999
0.49189982
0.4923999
0.51720005
0.5253
0.5379
0.53800005
0.5155999
0.5069999
0.5133002
0.55749995
0.51940006
0.5756999
0.53489995
0.52589995
0.5294001
0.5449001
0.56369996
0.56790006
0.5296001
0.48879993
0.5503
0.5620998
0.5425999
0.53229994
0.56369996
0.56680006
0.5762001
0.5306
0.5516
0.56720006
0.57550013
0.5859001
0.56219995
0.5634999
0.5636999
0.56729996
0.5639002
0.58290005
0.58220005
0.5535
0.5643
0.5454999
0.54950005
0.5048
0.5634
0.58379996
0.57470006
0.5702001
0.55639994
0.57320005
0.5559
0.5713
0.5702001
0.57009995
0.54469997
0.58979994
0.5902
0.58240014
0.58460003
0.587
0.59669995
0.59190017
0.5654999
0.5665999
0.53549993
0.58180004
0.58599997
0.5867999
0.5829