0.12759998
0.18259998
0.1133
0.16569996
0.27280003
0.3241
0.29039997
0.33370003
0.28789997
0.32819998
0.32449996
0.37400013
0.36519995
0.34440002
0.38049984
0.4096
0.42860004
0.3842
0.41249996
0.4492
0.41739997
0.4757
0.41879988
0.4839
0.45069996
0.47629985
0.44799986
0.4692999
0.49129993
0.5084999
0.47599992
0.5135
0.5016999
0.51320016
0.5088001
0.5256999
0.51780003
0.5194
0.5093
0.5340001
0.5315
0.51829994
0.5103
0.5418001
0.54020005
0.55079997
0.53319997
0.5230999
0.5363001
0.5174999
0.5309
0.53319997
0.54069996
0.56110007
0.5522001
0.557
0.5592001
0.54950005
0.5489999
0.54599994
0.54969996
0.5546999
0.5560001
0.56269985
0.53489983
0.5711001
0.5705
0.56300014
0.56020004
0.57259995
0.5637999
0.5560001
0.5730001
0.56830007
0.54650015
0.5273999
0.5784001
0.58210003
0.5825999
0.5830002
0.5681999
0.56100017
0.5702
0.5570001
0.57189995
0.57170004
0.58039993
0.57260007
0.566
0.5650999
0.5598001
0.5696
0.5797
0.56429994
0.5804
0.55999994
0.5707
0.5791
0.5710001
0.57629985