0.15179998
0.17129996
0.21109992
0.15460001
0.26569992
0.19499993
0.28739998
0.263
0.2832
0.35189998
0.33330005
0.36049998
0.40799987
0.3466
0.4234999
0.35779992
0.37579998
0.3909999
0.43830004
0.4372
0.45199996
0.43769988
0.39849997
0.43439993
0.39769992
0.47919998
0.46899992
0.4684999
0.47500005
0.4948999
0.4635999
0.4974999
0.46519995
0.50659984
0.5126
0.45219988
0.44929987
0.5282001
0.49390003
0.52810013
0.5194999
0.52390003
0.4955999
0.5354
0.52129996
0.5239
0.5040999
0.51219994
0.52639997
0.5609
0.52279997
0.5317999
0.52479994
0.5364001
0.5474999
0.5533
0.55609995
0.5474
0.53909993
0.5419002
0.56250006
0.5079999
0.5291
0.5591001
0.5194
0.53090006
0.5357
0.55649996
0.5576
0.56400007
0.55049995
0.54119996
0.5542
0.5428
0.5472999
0.5504
0.554
0.54900014
0.5676
0.5614
0.533
0.5313
0.57640004
0.5741998
0.5562
0.52469987
0.5600999
0.5487
0.57329994
0.56929994
0.5000999
0.55249995
0.56930006
0.54740006
0.5524001
0.5713002
0.5659001
0.5517
0.55380005
0.5721001