0.15179998
0.17639999
0.19829996
0.20979992
0.20799993
0.30810001
0.3516
0.37930003
0.3845
0.3503
0.39639992
0.37240005
0.39099997
0.4197998
0.42269996
0.42199996
0.41949993
0.4241999
0.41999993
0.42909998
0.3826001
0.37090006
0.435
0.4427
0.47919995
0.45250002
0.47170004
0.4504999
0.46739992
0.48059994
0.47339997
0.4855
0.45649996
0.51440006
0.44689995
0.49089995
0.45369995
0.4538
0.43369997
0.4885
0.52759993
0.4468
0.49519992
0.42729983
0.49489993
0.5116999
0.41530004
0.49460003
0.4752
0.4919998
0.46299997
0.5022999
0.528
0.49519992
0.50309986
0.53349996
0.53830004
0.55100006
0.49090007
0.5531001
0.49429992
0.5087999
0.50159997
0.48339987
0.5031
0.49219993
0.5554
0.5188
0.50859994
0.5331001
0.546
0.5536
0.4898999
0.54910004
0.522
0.4285998
0.5257999
0.53600013
0.5277
0.5183998
0.47739992
0.55689996
0.5369999
0.49429998
0.5141
0.50940007
0.525
0.5522999
0.5442001
0.5400999
0.51010007
0.49829996
0.49680004
0.5191
0.5500999
0.5374
0.5017998
0.5403002
0.53599983
0.53700006