0.13689998
0.19229993
0.23039998
0.26439998
0.19190001
0.31779996
0.3145
0.33879992
0.3529999
0.40309992
0.37600008
0.39009997
0.39179993
0.44879985
0.44460005
0.42629993
0.47639987
0.41650003
0.41529998
0.48370007
0.45929995
0.49189982
0.51049995
0.49509993
0.4688
0.49429983
0.5135998
0.50170004
0.4755999
0.52980024
0.5255
0.49590006
0.5139
0.53760004
0.5636
0.5562999
0.559
0.5561
0.53239995
0.53510004
0.5488
0.5659001
0.54469997
0.5475
0.5705001
0.5539
0.57289994
0.5692
0.5769999
0.5436
0.57609993
0.58390003
0.55450004
0.57070005
0.5808
0.583
0.5805
0.57860005
0.5814
0.5915999
0.5794999
0.58570004
0.5754
0.5656
0.57019997
0.5629001
0.58629996
0.58759993
0.58739996
0.5862
0.5825
0.59279984
0.5845999
0.5937
0.5919001
0.584
0.5631
0.5753998
0.5777
0.5738
0.5594
0.58239996
0.5731001
0.5932999
0.58970016
0.597
0.58349997
0.56009996
0.5838
0.59169996
0.57249993
0.59589994
0.58820015
0.5924
0.59290004
0.57210004
0.5928
0.5683
0.5872001
0.59849995