0.13999996
0.21229997
0.23609996
0.16159996
0.28
0.32529998
0.32420006
0.3788999
0.38889998
0.3395
0.32680008
0.31330004
0.3812001
0.4083
0.41480005
0.41079998
0.44559997
0.46189982
0.47719988
0.48409995
0.4116999
0.38239986
0.42239988
0.37310007
0.44019973
0.41899994
0.45779994
0.4793999
0.4697
0.43289995
0.43859994
0.44739997
0.5134999
0.49019995
0.47200003
0.5009
0.52709997
0.5185999
0.46429995
0.50979996
0.5453999
0.4119999
0.5213999
0.5513
0.54550004
0.5479
0.5361999
0.5427
0.5597001
0.5480999
0.49369988
0.5105001
0.5409999
0.51680005
0.5447999
0.48969984
0.5573001
0.5524
0.55590004
0.54410005
0.55810004
0.5396999
0.52339995
0.5122999
0.5286
0.5641
0.56029993
0.57070005
0.51089984
0.5687999
0.5101
0.5300999
0.5412
0.55439997
0.5537999
0.5419001
0.5762
0.565
0.5675
0.5623001
0.56100005
0.5249
0.55500025
0.53170013
0.56720006
0.5413
0.5135999
0.5694999
0.5480999
0.54489994
0.53959984
0.5353001
0.5209
0.548
0.5708001
0.5401
0.52779996
0.57960016
0.5819
0.5733999