0.15599997
0.20179993
0.23649995
0.19059998
0.29320002
0.2637
0.26149994
0.31299993
0.30890003
0.29070005
0.3572
0.35579997
0.33730003
0.39079997
0.41109985
0.42509994
0.42389986
0.37980002
0.44589996
0.41329998
0.45639992
0.42849994
0.4663999
0.47819996
0.48779997
0.43359992
0.44749996
0.5119
0.49309996
0.51489973
0.48459986
0.52489996
0.44719997
0.50329983
0.52390003
0.5205999
0.547
0.5279
0.5126998
0.51440006
0.50329995
0.5440998
0.54739994
0.55
0.54929996
0.56310004
0.55349994
0.5581
0.51129997
0.54770005
0.5555
0.53760004
0.54370004
0.49779993
0.55949986
0.56600004
0.54100007
0.5746
0.5694999
0.55050004
0.559
0.55410004
0.56079996
0.5402
0.53929996
0.5639
0.5892
0.5574
0.5458
0.53209996
0.5758
0.5790999
0.5598001
0.5545
0.5717
0.58290005
0.5810001
0.54990005
0.57439995
0.57930005
0.59309995
0.58229995
0.57160014
0.57129997
0.57320005
0.58720005
0.5802001
0.5698999
0.58630013
0.5555
0.54699993
0.57769996
0.567
0.5896
0.57760006
0.5991001
0.58790004
0.5677001
0.56820005
0.58000004