0.12659998
0.19249995
0.16379999
0.15519997
0.2528
0.34270006
0.29849994
0.27230003
0.312
0.34109995
0.33370012
0.31820002
0.34330004
0.386
0.3534
0.3788
0.44890007
0.46150002
0.4281999
0.44699997
0.31070006
0.3555
0.44989994
0.44660002
0.37159994
0.48409992
0.44589996
0.3744999
0.45909983
0.5033998
0.5144
0.43179992
0.42830002
0.35509998
0.45609993
0.51460016
0.52309996
0.5056998
0.5033998
0.5386999
0.47140005
0.5768
0.5572
0.549
0.52220005
0.5508
0.5358
0.5652
0.5445002
0.5600001
0.53409994
0.5630001
0.5205999
0.49940008
0.4877
0.519
0.5422
0.58040005
0.54930013
0.5345999
0.5520999
0.56149995
0.53189987
0.55130017
0.5612
0.5256
0.5654
0.5380999
0.53920007
0.561
0.53990006
0.56759995
0.5587001
0.53450006
0.5704
0.5684
0.5834
0.55300015
0.54279995
0.55160004
0.5538999
0.5479999
0.56540006
0.5939
0.5239
0.5179999
0.55450004
0.5944
0.5795999
0.5248999
0.5737001
0.57110006
0.5746
0.5652002
0.59010017
0.5669999
0.52340007
0.558
0.5515
0.59569997