0.13459998
0.18319997
0.19489996
0.17320001
0.22059993
0.23059992
0.31240007
0.2964
0.24349993
0.2918
0.35189998
0.3677
0.30520004
0.3554001
0.37300003
0.37549993
0.3994999
0.4114
0.4175999
0.41839987
0.36480007
0.4571999
0.4135999
0.39339998
0.44289985
0.42279974
0.42079997
0.44169998
0.48479986
0.4747999
0.48479998
0.49229994
0.49579993
0.4661
0.4608999
0.50500005
0.4838
0.49979994
0.5176
0.4986
0.49250004
0.51189995
0.5284
0.5243999
0.5257001
0.5280999
0.53309983
0.5454001
0.54460007
0.5392998
0.54660004
0.5479
0.5106
0.53800005
0.5550001
0.5507
0.55120015
0.5319
0.5514
0.56219995
0.5579001
0.5609
0.5503999
0.5472998
0.5487999
0.5461001
0.5384
0.5298
0.5396
0.55670005
0.5678
0.53929996
0.55520004
0.5622
0.57020015
0.5673
0.5644999
0.56100005
0.5666
0.53499997
0.5699999
0.55569994
0.56340003
0.57479995
0.53580004
0.56119996
0.56799996
0.56799996
0.57150006
0.55660003
0.5441999
0.5693
0.56079996
0.5707999
0.58059996
0.56999993
0.5711
0.5628001
0.56899995
0.5692001