1.480999588966369629e-01
1.988999992609024048e-01
1.747999638319015503e-01
1.551999747753143311e-01
3.079999983310699463e-01
2.987000346183776855e-01
3.780999779701232910e-01
3.604000508785247803e-01
3.126000165939331055e-01
4.141999781131744385e-01
4.189000427722930908e-01
3.050000965595245361e-01
4.426998198032379150e-01
4.255000054836273193e-01
4.116998314857482910e-01
4.371999800205230713e-01
4.730999469757080078e-01
4.733999371528625488e-01
4.768999516963958740e-01
4.841999709606170654e-01
4.591999351978302002e-01
4.459000825881958008e-01
3.966000080108642578e-01
5.062000751495361328e-01
4.930999279022216797e-01
4.484999477863311768e-01
5.075000524520874023e-01
4.874999523162841797e-01
5.305000543594360352e-01
5.202000737190246582e-01
5.133000016212463379e-01
4.511999189853668213e-01
5.143000483512878418e-01
4.840999543666839600e-01
4.826999306678771973e-01
4.062999486923217773e-01
5.258001089096069336e-01
4.463999271392822266e-01
4.763000011444091797e-01
5.205000042915344238e-01
5.153999924659729004e-01
5.178998708724975586e-01
5.149001479148864746e-01
4.356998503208160400e-01
4.974998831748962402e-01
4.935000240802764893e-01
5.122998952865600586e-01
5.656000375747680664e-01
5.175001025199890137e-01
5.687001943588256836e-01
5.311000943183898926e-01
4.934000074863433838e-01
5.465000271797180176e-01
5.575001835823059082e-01
5.527001023292541504e-01
5.704001784324645996e-01
5.404000282287597656e-01
5.139001011848449707e-01
5.583000779151916504e-01
5.553999543190002441e-01
5.184000134468078613e-01
5.624001026153564453e-01
4.818999171257019043e-01
5.388001799583435059e-01
5.634002089500427246e-01
5.218999981880187988e-01
5.734001398086547852e-01
5.380000472068786621e-01
5.471000671386718750e-01
5.385001301765441895e-01
5.691001415252685547e-01
5.599001049995422363e-01
5.708999633789062500e-01
5.565999746322631836e-01
5.268000960350036621e-01
5.856000185012817383e-01
5.497999191284179688e-01
5.449999570846557617e-01
5.240999460220336914e-01
5.599000453948974609e-01
5.348000526428222656e-01
5.572001338005065918e-01
5.530999898910522461e-01
5.615000724792480469e-01
5.530000925064086914e-01
5.796000361442565918e-01
5.542001128196716309e-01
5.663999319076538086e-01
5.203000903129577637e-01
5.775001049041748047e-01
5.369000434875488281e-01
5.384001135826110840e-01
5.727999806404113770e-01
5.857000946998596191e-01
5.407999753952026367e-01
5.817999243736267090e-01
5.626001358032226562e-01
5.788000822067260742e-01
5.858999490737915039e-01
5.612000823020935059e-01
