1.739999949932098389e-01
2.127999663352966309e-01
2.336999922990798950e-01
2.554999887943267822e-01
3.049000501632690430e-01
3.152000010013580322e-01
3.454999923706054688e-01
3.698000013828277588e-01
3.528999388217926025e-01
3.440000414848327637e-01
3.872000575065612793e-01
3.896000683307647705e-01
4.206999242305755615e-01
4.306997954845428467e-01
4.293999373912811279e-01
4.560000300407409668e-01
4.440999627113342285e-01
4.392998814582824707e-01
4.550999701023101807e-01
4.529000222682952881e-01
4.426000118255615234e-01
4.740999937057495117e-01
4.787999093532562256e-01
4.642000496387481689e-01
4.772999882698059082e-01
4.898999929428100586e-01
4.894000291824340820e-01
4.984999001026153564e-01
4.733000099658966064e-01
4.876000881195068359e-01
4.896000027656555176e-01
5.034002065658569336e-01
5.106000900268554688e-01
5.081999301910400391e-01
4.902000427246093750e-01
5.049000382423400879e-01
5.128999352455139160e-01
5.105999708175659180e-01
5.208001136779785156e-01
5.216999650001525879e-01
5.162999629974365234e-01
5.282000899314880371e-01
5.189998149871826172e-01
5.227001309394836426e-01
5.367999672889709473e-01
5.270999670028686523e-01
5.230999588966369629e-01
5.317000746726989746e-01
5.268999338150024414e-01
5.375000238418579102e-01
5.318999290466308594e-01
5.423001646995544434e-01
5.353001952171325684e-01
5.291000008583068848e-01
5.349000692367553711e-01
5.389001965522766113e-01
5.415000915527343750e-01
5.415000319480895996e-01
5.464000105857849121e-01
5.377999544143676758e-01
5.441998839378356934e-01
5.485999584197998047e-01
5.378000140190124512e-01
5.432002544403076172e-01
5.432000756263732910e-01
5.311000943183898926e-01
5.484001636505126953e-01
5.451000332832336426e-01
5.502998828887939453e-01
5.500002503395080566e-01
5.493999719619750977e-01
5.516000390052795410e-01
5.320999622344970703e-01
5.505999922752380371e-01
5.612000823020935059e-01
5.416000485420227051e-01
5.511999130249023438e-01
5.596000552177429199e-01
5.565001368522644043e-01
5.568001270294189453e-01
5.460999608039855957e-01
5.537000298500061035e-01
5.488000512123107910e-01
5.564000010490417480e-01
5.560999512672424316e-01
5.505999922752380371e-01
5.482001304626464844e-01
5.493000149726867676e-01
5.558000206947326660e-01
5.508000850677490234e-01
5.506000518798828125e-01
5.614999532699584961e-01
5.572000741958618164e-01
5.531000494956970215e-01
5.550001263618469238e-01
5.473998785018920898e-01
5.345999598503112793e-01
5.438001751899719238e-01
5.551999807357788086e-01
5.437998771667480469e-01
