1.342999786138534546e-01
2.055999934673309326e-01
2.217999994754791260e-01
2.109000086784362793e-01
2.696999907493591309e-01
2.766000628471374512e-01
3.309000432491302490e-01
3.653000295162200928e-01
3.269000351428985596e-01
4.014000296592712402e-01
4.107000231742858887e-01
3.870999813079833984e-01
4.346000254154205322e-01
4.575999379158020020e-01
3.845000565052032471e-01
4.549000561237335205e-01
4.524998068809509277e-01
4.214999377727508545e-01
4.575999975204467773e-01
4.895000159740447998e-01
4.513000249862670898e-01
4.168999195098876953e-01
4.674999713897705078e-01
4.435998499393463135e-01
4.381999671459197998e-01
4.763999879360198975e-01
4.877998828887939453e-01
5.106999874114990234e-01
4.641998708248138428e-01
5.206999778747558594e-01
4.586999416351318359e-01
5.145000815391540527e-01
5.046998858451843262e-01
5.111998915672302246e-01
5.453000068664550781e-01
5.401000976562500000e-01
5.237999558448791504e-01
5.330000519752502441e-01
5.004001259803771973e-01
5.379999876022338867e-01
4.943999052047729492e-01
5.648000240325927734e-01
5.731002092361450195e-01
5.495001077651977539e-01
5.497001409530639648e-01
5.524000525474548340e-01
4.970000088214874268e-01
5.519999861717224121e-01
5.429001450538635254e-01
5.391001701354980469e-01
5.463000535964965820e-01
5.628000497817993164e-01
5.792999863624572754e-01
5.602999925613403320e-01
5.475999712944030762e-01
5.416999459266662598e-01
5.273999571800231934e-01
5.554999709129333496e-01
5.735000371932983398e-01
5.726001262664794922e-01
5.903001427650451660e-01
5.893999338150024414e-01
5.824000835418701172e-01
5.811001062393188477e-01
5.748999118804931641e-01
5.663000345230102539e-01
5.644000172615051270e-01
5.363999605178833008e-01
5.614001154899597168e-01
5.857999920845031738e-01
5.811000466346740723e-01
5.893000960350036621e-01
5.866000652313232422e-01
5.682000517845153809e-01
5.924000740051269531e-01
5.906999707221984863e-01
5.799999833106994629e-01
5.534000992774963379e-01
6.038001775741577148e-01
5.866999626159667969e-01
5.990000367164611816e-01
5.756998658180236816e-01
5.978000760078430176e-01
5.855000615119934082e-01
5.880999565124511719e-01
5.937001705169677734e-01
5.830000042915344238e-01
5.824999809265136719e-01
5.835999846458435059e-01
5.873000025749206543e-01
5.794000029563903809e-01
5.919001102447509766e-01
6.019998788833618164e-01
5.992999672889709473e-01
5.527001023292541504e-01
5.750001072883605957e-01
6.125999689102172852e-01
6.078000068664550781e-01
5.908001065254211426e-01
5.989999771118164062e-01
