1.447999924421310425e-01
1.911999285221099854e-01
2.236000001430511475e-01
2.726000249385833740e-01
3.242999911308288574e-01
3.163000047206878662e-01
3.359000384807586670e-01
3.816000223159790039e-01
3.803001046180725098e-01
3.722999095916748047e-01
4.180999696254730225e-01
4.212000370025634766e-01
4.233998954296112061e-01
4.331000149250030518e-01
4.459998309612274170e-01
4.666999876499176025e-01
4.610998928546905518e-01
4.642998874187469482e-01
4.693000912666320801e-01
4.748998284339904785e-01
4.884999394416809082e-01
4.711998701095581055e-01
4.888998866081237793e-01
5.010999441146850586e-01
5.089000463485717773e-01
4.948998987674713135e-01
4.865000247955322266e-01
5.095999240875244141e-01
5.120001435279846191e-01
5.340000391006469727e-01
5.299999713897705078e-01
5.242001414299011230e-01
5.298999547958374023e-01
5.166999697685241699e-01
5.381000041961669922e-01
5.438001155853271484e-01
5.454002022743225098e-01
5.550000667572021484e-01
5.516000390052795410e-01
5.427998900413513184e-01
5.551000833511352539e-01
5.447999835014343262e-01
5.496001243591308594e-01
5.702000856399536133e-01
5.450999736785888672e-01
5.575000643730163574e-01
5.607001781463623047e-01
5.610000491142272949e-01
5.622001290321350098e-01
5.581000447273254395e-01
5.610999464988708496e-01
5.712999701499938965e-01
5.538000464439392090e-01
5.790998935699462891e-01
5.762000083923339844e-01
5.823000073432922363e-01
5.720999240875244141e-01
5.695000886917114258e-01
5.772000551223754883e-01
5.755001306533813477e-01
5.684000849723815918e-01
5.692000985145568848e-01
5.720001459121704102e-01
5.716999769210815430e-01
5.802999734878540039e-01
5.730001926422119141e-01
5.878999829292297363e-01
5.807002186775207520e-01
5.802000761032104492e-01
5.805000066757202148e-01
5.767999887466430664e-01
5.889000296592712402e-01
5.866000652313232422e-01
5.806001424789428711e-01
5.895999670028686523e-01
5.935999751091003418e-01
5.862001180648803711e-01
5.783000588417053223e-01
5.876001119613647461e-01
5.825999975204467773e-01
5.866999626159667969e-01
5.775001049041748047e-01
5.923000574111938477e-01
5.826999545097351074e-01
5.792000293731689453e-01
5.939000844955444336e-01
5.927000641822814941e-01
5.791001319885253906e-01
5.896000266075134277e-01
5.773000121116638184e-01
5.767999887466430664e-01
5.864999890327453613e-01
5.971001386642456055e-01
5.796000957489013672e-01
5.801001191139221191e-01
5.882000923156738281e-01
5.839000940322875977e-01
5.946002006530761719e-01
5.900000333786010742e-01
5.896000266075134277e-01
