1.226999759674072266e-01
1.908999830484390259e-01
2.461999952793121338e-01
2.380999773740768433e-01
2.607000172138214111e-01
3.287000358104705811e-01
3.387000262737274170e-01
3.736999928951263428e-01
3.355000019073486328e-01
3.942999243736267090e-01
3.875999450683593750e-01
3.918999731540679932e-01
4.332999885082244873e-01
4.270999133586883545e-01
4.387998282909393311e-01
4.415999650955200195e-01
4.799999892711639404e-01
4.924998581409454346e-01
4.861999452114105225e-01
4.733999669551849365e-01
5.110999941825866699e-01
5.198001265525817871e-01
5.115000605583190918e-01
5.194001793861389160e-01
5.255000591278076172e-01
4.909000098705291748e-01
5.091999769210815430e-01
5.180000662803649902e-01
5.306000709533691406e-01
5.536001324653625488e-01
5.382000207901000977e-01
5.424999594688415527e-01
5.504001379013061523e-01
5.569000840187072754e-01
5.461001396179199219e-01
5.353999137878417969e-01
5.439000129699707031e-01
5.552001595497131348e-01
5.595000982284545898e-01
5.573999285697937012e-01
5.735999345779418945e-01
5.646000504493713379e-01
5.660001635551452637e-01
5.678000450134277344e-01
5.714001655578613281e-01
5.706000328063964844e-01
5.740000605583190918e-01
5.646000504493713379e-01
5.799999833106994629e-01
5.790000557899475098e-01
5.845999121665954590e-01
5.757000446319580078e-01
5.503001213073730469e-01
5.586000084877014160e-01
5.802000164985656738e-01
5.719001889228820801e-01
5.774000883102416992e-01
5.857000946998596191e-01
5.795001387596130371e-01
5.971000790596008301e-01
5.754001140594482422e-01
5.905000567436218262e-01
5.824999809265136719e-01
5.897000432014465332e-01
5.904000401496887207e-01
5.910000801086425781e-01
5.877000093460083008e-01
5.848000049591064453e-01
6.055999994277954102e-01
5.787999629974365234e-01
5.751001238822937012e-01
5.874001979827880859e-01
5.923002362251281738e-01
5.831001400947570801e-01
6.007001399993896484e-01
5.837999582290649414e-01
5.679000616073608398e-01
5.948998928070068359e-01
5.885999798774719238e-01
5.877001285552978516e-01
5.910000801086425781e-01
5.965000987052917480e-01
5.774001479148864746e-01
5.772001147270202637e-01
5.979001522064208984e-01
5.882002115249633789e-01
6.007000207901000977e-01
5.980002284049987793e-01
5.917000174522399902e-01
5.910999774932861328e-01
5.866000652313232422e-01
5.844000577926635742e-01
5.912001132965087891e-01
6.018001437187194824e-01
6.082999706268310547e-01
6.110000014305114746e-01
5.990999937057495117e-01
6.007000207901000977e-01
5.838999748229980469e-01
5.960000157356262207e-01
