1.093000024557113647e-01
1.755999773740768433e-01
2.402000576257705688e-01
2.537000179290771484e-01
2.666000127792358398e-01
2.922000288963317871e-01
3.041000366210937500e-01
3.272999525070190430e-01
3.187000751495361328e-01
3.616000413894653320e-01
3.499000966548919678e-01
3.858999907970428467e-01
3.929998874664306641e-01
3.816000819206237793e-01
4.068000018596649170e-01
4.151998758316040039e-01
4.154998362064361572e-01
4.266999065876007080e-01
4.184998273849487305e-01
4.171999394893646240e-01
4.329999685287475586e-01
4.226000308990478516e-01
4.291999340057373047e-01
4.323000311851501465e-01
4.465000629425048828e-01
4.423999786376953125e-01
4.442998766899108887e-01
4.425998926162719727e-01
4.268999397754669189e-01
4.510000348091125488e-01
4.537999331951141357e-01
4.501000344753265381e-01
4.546999335289001465e-01
4.459000527858734131e-01
4.482999444007873535e-01
4.539999365806579590e-01
4.510999619960784912e-01
4.540998935699462891e-01
4.522999227046966553e-01
4.421999454498291016e-01
4.389998912811279297e-01
4.531999230384826660e-01
4.566000103950500488e-01
4.412999749183654785e-01
4.501999318599700928e-01
4.402000308036804199e-01
4.363999068737030029e-01
4.472999274730682373e-01
4.384999573230743408e-01
4.336998760700225830e-01
4.376998841762542725e-01
4.427999854087829590e-01
4.417998492717742920e-01
4.389000236988067627e-01
4.384999871253967285e-01
4.385998547077178955e-01
4.303999841213226318e-01
4.481999278068542480e-01
4.414998590946197510e-01
4.384999871253967285e-01
4.407998919486999512e-01
4.442999958992004395e-01
4.412998557090759277e-01
4.386998414993286133e-01
4.392000436782836914e-01
4.436999857425689697e-01
4.387000203132629395e-01
4.311998784542083740e-01
4.388999044895172119e-01
4.341999292373657227e-01
4.299999177455902100e-01
4.313998818397521973e-01
4.333000481128692627e-01
4.329998791217803955e-01
4.398999810218811035e-01
4.340999126434326172e-01
4.397000372409820557e-01
4.337998628616333008e-01
4.412999451160430908e-01
4.417000114917755127e-01
4.336998760700225830e-01
4.375999569892883301e-01
4.321999251842498779e-01
4.388998746871948242e-01
4.372998178005218506e-01
4.386998116970062256e-01
4.431999325752258301e-01
4.433998465538024902e-01
4.409999549388885498e-01
4.435999393463134766e-01
4.052999019622802734e-01
4.336997866630554199e-01
4.298999905586242676e-01
4.430998861789703369e-01
4.332999885082244873e-01
4.398999512195587158e-01
4.379998445510864258e-01
4.374999701976776123e-01
4.371999502182006836e-01
4.314998686313629150e-01
