1.316999793052673340e-01
2.217999696731567383e-01
2.329999208450317383e-01
2.436999529600143433e-01
2.757999897003173828e-01
2.928999960422515869e-01
3.186000287532806396e-01
3.535999953746795654e-01
3.651001751422882080e-01
3.796999454498291016e-01
4.060999155044555664e-01
4.352999031543731689e-01
4.378000199794769287e-01
4.368999004364013672e-01
4.594998955726623535e-01
4.706998765468597412e-01
4.607000350952148438e-01
4.720999896526336670e-01
4.895000755786895752e-01
4.862999320030212402e-01
5.099999904632568359e-01
5.192000269889831543e-01
5.238999724388122559e-01
5.075000524520874023e-01
5.253000855445861816e-01
5.205999016761779785e-01
5.183001160621643066e-01
5.191000699996948242e-01
5.147999525070190430e-01
5.285001397132873535e-01
5.354999303817749023e-01
5.182000398635864258e-01
5.362000465393066406e-01
5.381000041961669922e-01
5.343000292778015137e-01
5.389001369476318359e-01
5.547003149986267090e-01
5.537000894546508789e-01
5.548999905586242676e-01
5.608000755310058594e-01
5.625001788139343262e-01
5.613999962806701660e-01
5.496000051498413086e-01
5.607000589370727539e-01
5.684000253677368164e-01
5.578000545501708984e-01
5.676000118255615234e-01
5.707000494003295898e-01
5.634001493453979492e-01
5.609000325202941895e-01
5.602000951766967773e-01
5.670999884605407715e-01
5.653999447822570801e-01
5.705999732017517090e-01
5.789000988006591797e-01
5.763000249862670898e-01
5.775001645088195801e-01
5.779001116752624512e-01
5.811002254486083984e-01
5.719999670982360840e-01
5.777002573013305664e-01
5.771000385284423828e-01
5.677000284194946289e-01
5.828000307083129883e-01
5.808001160621643066e-01
5.765001773834228516e-01
5.832000970840454102e-01
5.816000103950500488e-01
5.800001025199890137e-01
5.741001367568969727e-01
5.727999806404113770e-01
5.762001276016235352e-01
5.796999335289001465e-01
5.770002007484436035e-01
5.747999548912048340e-01
5.817001461982727051e-01
5.729001164436340332e-01
5.799001455307006836e-01
5.706001520156860352e-01
5.774000287055969238e-01
5.930002331733703613e-01
5.824000835418701172e-01
5.794001221656799316e-01
5.855999588966369629e-01
5.835000872611999512e-01
5.794000625610351562e-01
5.805001258850097656e-01
5.858001708984375000e-01
5.800000429153442383e-01
5.808001756668090820e-01
5.900000333786010742e-01
5.715000629425048828e-01
5.699000954627990723e-01
5.814999341964721680e-01
5.835000872611999512e-01
5.841000676155090332e-01
5.798000693321228027e-01
5.879999399185180664e-01
5.849999785423278809e-01
5.906000137329101562e-01
