1.608999967575073242e-01
2.167999297380447388e-01
2.268999814987182617e-01
2.678999602794647217e-01
3.026999533176422119e-01
3.480000197887420654e-01
3.662000000476837158e-01
3.994999825954437256e-01
4.290001392364501953e-01
4.420000016689300537e-01
4.485999643802642822e-01
4.514999389648437500e-01
4.646000266075134277e-01
4.793999195098876953e-01
5.014999508857727051e-01
5.063000917434692383e-01
5.127999782562255859e-01
5.028000473976135254e-01
5.267000794410705566e-01
5.284000039100646973e-01
5.351998805999755859e-01
5.415001511573791504e-01
5.446999073028564453e-01
5.450000166893005371e-01
5.449001193046569824e-01
5.635001659393310547e-01
5.579000711441040039e-01
5.584000349044799805e-01
5.669001340866088867e-01
5.728999972343444824e-01
5.665000677108764648e-01
5.655000209808349609e-01
5.796000361442565918e-01
5.722000002861022949e-01
5.760000348091125488e-01
5.699000358581542969e-01
5.840001106262207031e-01
5.861001014709472656e-01
5.843001008033752441e-01
5.850999951362609863e-01
5.737000107765197754e-01
5.844999551773071289e-01
5.951001644134521484e-01
5.789998769760131836e-01
5.804002285003662109e-01
5.860998630523681641e-01
5.832000970840454102e-01
5.838000774383544922e-01
5.880999565124511719e-01
5.853000283241271973e-01
5.903000831604003906e-01
5.931999683380126953e-01
5.962000489234924316e-01
5.995000004768371582e-01
5.945000052452087402e-01
5.943999886512756348e-01
5.938000679016113281e-01
5.907999277114868164e-01
5.972000956535339355e-01
5.989000201225280762e-01
5.927999615669250488e-01
5.952999591827392578e-01
5.972999334335327148e-01
5.882000923156738281e-01
5.919001102447509766e-01
5.931001901626586914e-01
5.852998495101928711e-01
5.888000726699829102e-01
5.905000567436218262e-01
5.945999622344970703e-01
5.961999297142028809e-01
5.973001122474670410e-01
5.940998196601867676e-01
5.961000919342041016e-01
5.933000445365905762e-01
5.927000641822814941e-01
5.989000797271728516e-01
5.904999375343322754e-01
5.994000434875488281e-01
5.971000194549560547e-01
5.850999951362609863e-01
5.958999395370483398e-01
5.917001962661743164e-01
5.943000912666320801e-01
5.982999801635742188e-01
5.975000858306884766e-01
5.940999984741210938e-01
5.908000469207763672e-01
5.917999744415283203e-01
5.934001803398132324e-01
6.086001396179199219e-01
5.978000164031982422e-01
5.950999855995178223e-01
5.831000804901123047e-01
5.893001556396484375e-01
5.950000882148742676e-01
5.974000692367553711e-01
5.972002148628234863e-01
5.967000722885131836e-01
6.001000404357910156e-01
