1.418999880552291870e-01
1.906999796628952026e-01
1.760999709367752075e-01
2.408000379800796509e-01
2.046999335289001465e-01
2.889000177383422852e-01
2.985000610351562500e-01
3.560999333858489990e-01
3.761999905109405518e-01
3.811999857425689697e-01
3.642000854015350342e-01
4.208000004291534424e-01
4.145999550819396973e-01
3.896999657154083252e-01
4.499998688697814941e-01
4.692999124526977539e-01
4.528999328613281250e-01
4.591999053955078125e-01
4.724000096321105957e-01
4.085998833179473877e-01
3.978999257087707520e-01
4.898999929428100586e-01
5.234999060630798340e-01
5.284999608993530273e-01
5.090000629425048828e-01
4.797998666763305664e-01
5.153000354766845703e-01
5.036000609397888184e-01
5.543000102043151855e-01
5.561999082565307617e-01
5.576000213623046875e-01
5.524000525474548340e-01
5.309999585151672363e-01
5.503000617027282715e-01
5.164001584053039551e-01
5.427000522613525391e-01
5.480998754501342773e-01
5.690000057220458984e-01
5.701999664306640625e-01
5.596001148223876953e-01
5.613000988960266113e-01
5.592001080513000488e-01
5.591999292373657227e-01
5.256998538970947266e-01
5.251999497413635254e-01
5.682998895645141602e-01
5.765999555587768555e-01
5.744000077247619629e-01
5.871999859809875488e-01
4.869999289512634277e-01
5.796000361442565918e-01
5.836000442504882812e-01
5.770000219345092773e-01
5.801000595092773438e-01
5.799999237060546875e-01
5.769000649452209473e-01
5.707000494003295898e-01
5.565999746322631836e-01
5.580998659133911133e-01
5.493001341819763184e-01
5.216999053955078125e-01
5.838000774383544922e-01
5.760999321937561035e-01
5.915999412536621094e-01
5.569999814033508301e-01
5.735000967979431152e-01
5.629000663757324219e-01
5.796000957489013672e-01
5.844000577926635742e-01
5.805000662803649902e-01
5.943000912666320801e-01
5.928000211715698242e-01
5.775999426841735840e-01
5.763000249862670898e-01
5.790999531745910645e-01
5.729999542236328125e-01
5.832000970840454102e-01
5.900000929832458496e-01
5.907999873161315918e-01
5.977999567985534668e-01
5.912000536918640137e-01
5.848999619483947754e-01
5.968999862670898438e-01
5.684000849723815918e-01
5.988999605178833008e-01
6.031000018119812012e-01
5.922001004219055176e-01
5.979000926017761230e-01
5.672000646591186523e-01
5.591999888420104980e-01
5.766000151634216309e-01
5.853998661041259766e-01
5.854999423027038574e-01
5.774000883102416992e-01
5.945000648498535156e-01
5.996000170707702637e-01
5.769999623298645020e-01
5.716999173164367676e-01
5.891001224517822266e-01
6.041000485420227051e-01
