1.352999806404113770e-01
1.354999989271163940e-01
2.039999365806579590e-01
1.022000014781951904e-01
3.140000402927398682e-01
3.443000912666320801e-01
3.291000425815582275e-01
3.697000443935394287e-01
3.966000080108642578e-01
4.195999801158905029e-01
4.106999933719635010e-01
4.149998724460601807e-01
3.930000066757202148e-01
4.312998652458190918e-01
4.602999985218048096e-01
4.857000112533569336e-01
4.827998876571655273e-01
4.843000173568725586e-01
4.314000010490417480e-01
4.185000956058502197e-01
3.954000771045684814e-01
4.167999029159545898e-01
4.379999935626983643e-01
5.160000324249267578e-01
5.282000899314880371e-01
5.176001191139221191e-01
4.978000223636627197e-01
4.893998801708221436e-01
5.218999981880187988e-01
5.267999768257141113e-01
5.458000302314758301e-01
5.464999675750732422e-01
5.141999721527099609e-01
5.231000781059265137e-01
4.977000355720520020e-01
4.975998401641845703e-01
5.173000097274780273e-01
5.412999987602233887e-01
5.313000082969665527e-01
5.564999580383300781e-01
5.279999971389770508e-01
5.319000482559204102e-01
5.557000041007995605e-01
5.526998639106750488e-01
5.571001172065734863e-01
5.648998618125915527e-01
5.592000484466552734e-01
5.634000897407531738e-01
5.599001049995422363e-01
4.789999127388000488e-01
5.162000060081481934e-01
5.514000058174133301e-01
5.741001367568969727e-01
5.695999264717102051e-01
5.716001391410827637e-01
5.706000924110412598e-01
5.511999726295471191e-01
5.396000146865844727e-01
5.426000356674194336e-01
5.459999442100524902e-01
5.595000386238098145e-01
5.695002079010009766e-01
5.680000782012939453e-01
5.633001327514648438e-01
5.488000512123107910e-01
5.542998909950256348e-01
5.181000828742980957e-01
5.556001067161560059e-01
5.483000278472900391e-01
5.625000596046447754e-01
5.694000720977783203e-01
5.685001015663146973e-01
5.554999709129333496e-01
5.273000597953796387e-01
5.473001599311828613e-01
5.609000325202941895e-01
5.714000463485717773e-01
5.709000229835510254e-01
5.734000802040100098e-01
5.706999301910400391e-01
5.612000823020935059e-01
5.744000673294067383e-01
5.607001781463623047e-01
5.710999965667724609e-01
5.717000365257263184e-01
5.725000500679016113e-01
5.825001001358032227e-01
5.810002088546752930e-01
5.826001167297363281e-01
5.715001821517944336e-01
5.176999568939208984e-01
5.670001506805419922e-01
5.750001072883605957e-01
5.741000175476074219e-01
5.846001505851745605e-01
5.860000848770141602e-01
5.779000520706176758e-01
5.540000796318054199e-01
5.689001679420471191e-01
5.735000371932983398e-01
