1.465999782085418701e-01
2.056999802589416504e-01
2.403000146150588989e-01
2.669000029563903809e-01
3.367000520229339600e-01
3.578999340534210205e-01
3.384000062942504883e-01
3.772999942302703857e-01
4.160999059677124023e-01
4.158998727798461914e-01
4.553999900817871094e-01
4.284999370574951172e-01
4.815999567508697510e-01
4.873999655246734619e-01
4.492999315261840820e-01
4.716998934745788574e-01
5.009999871253967285e-01
5.198000073432922363e-01
4.993000030517578125e-01
5.015999674797058105e-01
5.250998735427856445e-01
5.251998901367187500e-01
5.071000456809997559e-01
5.400999188423156738e-01
5.507999062538146973e-01
5.420000553131103516e-01
5.200999975204467773e-01
5.185999870300292969e-01
5.364999175071716309e-01
5.573999881744384766e-01
5.595000982284545898e-01
5.732999444007873535e-01
5.670000910758972168e-01
5.673002004623413086e-01
5.245000123977661133e-01
5.451999306678771973e-01
5.552000403404235840e-01
5.827001333236694336e-01
5.622001290321350098e-01
5.622000098228454590e-01
5.642001032829284668e-01
5.847000479698181152e-01
5.803999900817871094e-01
5.835998654365539551e-01
5.756000876426696777e-01
5.940999984741210938e-01
5.683000087738037109e-01
5.819999575614929199e-01
5.827999114990234375e-01
5.937999486923217773e-01
5.866001248359680176e-01
5.810999274253845215e-01
5.889000296592712402e-01
5.899001955986022949e-01
5.783998966217041016e-01
5.857000350952148438e-01
5.871000885963439941e-01
5.917000770568847656e-01
5.901000499725341797e-01
5.962001085281372070e-01
5.882002115249633789e-01
5.963001251220703125e-01
5.706000924110412598e-01
5.797998905181884766e-01
5.972999930381774902e-01
5.954998731613159180e-01
5.851999521255493164e-01
5.942000746726989746e-01
5.990999341011047363e-01
5.943999290466308594e-01
6.034999489784240723e-01
5.921000242233276367e-01
5.972000956535339355e-01
5.963999629020690918e-01
5.864999890327453613e-01
5.973002314567565918e-01
5.993999242782592773e-01
6.049999594688415527e-01
5.931000113487243652e-01
6.037999391555786133e-01
5.960999727249145508e-01
6.000999808311462402e-01
5.982000827789306641e-01
5.886999964714050293e-01
5.949000716209411621e-01
6.054000258445739746e-01
6.007000207901000977e-01
6.035999655723571777e-01
6.051999330520629883e-01
6.025000810623168945e-01
5.965000391006469727e-01
5.987001061439514160e-01
5.990999937057495117e-01
6.066000461578369141e-01
5.954999327659606934e-01
5.877999067306518555e-01
6.063000559806823730e-01
6.071000099182128906e-01
6.011002063751220703e-01
5.936999917030334473e-01
