1.474999934434890747e-01
1.696000099182128906e-01
2.544000446796417236e-01
2.937999963760375977e-01
3.574000895023345947e-01
3.382999897003173828e-01
3.985998928546905518e-01
4.284999966621398926e-01
4.424000680446624756e-01
4.260999262332916260e-01
4.572998881340026855e-01
4.546999633312225342e-01
4.907999038696289062e-01
4.404000043869018555e-01
4.866000115871429443e-01
5.060999393463134766e-01
5.410000085830688477e-01
5.387999415397644043e-01
5.405999422073364258e-01
5.454999804496765137e-01
5.505999922752380371e-01
5.664001107215881348e-01
5.784000158309936523e-01
5.763000249862670898e-01
5.747000575065612793e-01
5.521000027656555176e-01
5.754000544548034668e-01
5.755000114440917969e-01
5.508000254631042480e-01
5.612999796867370605e-01
5.920999050140380859e-01
5.964000225067138672e-01
5.850000381469726562e-01
5.814000368118286133e-01
5.986000299453735352e-01
5.971000790596008301e-01
5.996000170707702637e-01
6.061999797821044922e-01
6.053000688552856445e-01
6.106999516487121582e-01
5.818001627922058105e-01
5.887001156806945801e-01
5.921000242233276367e-01
5.983001589775085449e-01
5.925000905990600586e-01
6.028000116348266602e-01
6.141001582145690918e-01
6.035999059677124023e-01
5.986000895500183105e-01
6.003997921943664551e-01
5.944999456405639648e-01
6.097001433372497559e-01
6.001999974250793457e-01
6.065999865531921387e-01
6.042999029159545898e-01
6.096998453140258789e-01
5.934000015258789062e-01
5.882000923156738281e-01
5.642001032829284668e-01
5.520000457763671875e-01
5.909002423286437988e-01
6.006000041961669922e-01
6.010998487472534180e-01
6.062999963760375977e-01
5.906000733375549316e-01
5.931000709533691406e-01
6.018000245094299316e-01
6.002001166343688965e-01
6.069000363349914551e-01
6.060999631881713867e-01
6.047999858856201172e-01
5.922001004219055176e-01
5.874999761581420898e-01
5.924000740051269531e-01
5.961000323295593262e-01
6.033000349998474121e-01
6.156001687049865723e-01
5.984000563621520996e-01
6.111999750137329102e-01
5.671001672744750977e-01
5.901000499725341797e-01
5.979001522064208984e-01
6.038000583648681641e-01
6.079999804496765137e-01
6.116000413894653320e-01
6.186000704765319824e-01
6.117999553680419922e-01
5.995999574661254883e-01
5.987001061439514160e-01
6.004000902175903320e-01
6.105000972747802734e-01
6.090999841690063477e-01
6.080000400543212891e-01
6.129000782966613770e-01
6.084001660346984863e-01
6.071000099182128906e-01
6.097000241279602051e-01
6.037000417709350586e-01
6.124000549316406250e-01
6.126999855041503906e-01
