1.152000352740287781e-01
1.541999876499176025e-01
2.073999792337417603e-01
2.450999766588211060e-01
2.701000273227691650e-01
2.791000008583068848e-01
3.489000201225280762e-01
3.537000417709350586e-01
3.679999411106109619e-01
3.741999864578247070e-01
3.960999250411987305e-01
4.162999391555786133e-01
4.635999202728271484e-01
4.789000451564788818e-01
4.572998285293579102e-01
4.955001771450042725e-01
5.073000192642211914e-01
5.117000341415405273e-01
4.906000196933746338e-01
5.041999816894531250e-01
5.123001337051391602e-01
5.505001544952392578e-01
5.192999243736267090e-01
5.356999635696411133e-01
5.228999853134155273e-01
5.375999808311462402e-01
5.473999977111816406e-01
5.623999238014221191e-01
5.582000613212585449e-01
5.658001899719238281e-01
5.701000094413757324e-01
5.611000061035156250e-01
5.668000578880310059e-01
5.352000594139099121e-01
5.513999462127685547e-01
5.635001063346862793e-01
5.578001141548156738e-01
5.458000898361206055e-01
5.718000531196594238e-01
5.718999505043029785e-01
5.620000362396240234e-01
5.842999815940856934e-01
5.810000300407409668e-01
5.729000568389892578e-01
5.675000548362731934e-01
5.670999884605407715e-01
5.696999430656433105e-01
5.714998841285705566e-01
5.805001258850097656e-01
5.632000565528869629e-01
5.713000297546386719e-01
5.854001045227050781e-01
5.698001384735107422e-01
5.875000953674316406e-01
5.700999498367309570e-01
5.765001177787780762e-01
5.739000439643859863e-01
5.693001151084899902e-01
5.830001235008239746e-01
5.887001156806945801e-01
5.768001675605773926e-01
5.732000470161437988e-01
5.821999907493591309e-01
5.721001029014587402e-01
5.672000646591186523e-01
5.842999815940856934e-01
5.791000127792358398e-01
5.899001359939575195e-01
5.723000168800354004e-01
5.842001438140869141e-01
5.840000510215759277e-01
5.874001979827880859e-01
5.833999514579772949e-01
5.939000248908996582e-01
5.807999968528747559e-01
5.724999308586120605e-01
5.685002803802490234e-01
5.825000405311584473e-01
5.875000953674316406e-01
5.828000307083129883e-01
5.886000394821166992e-01
5.882000923156738281e-01
5.906000733375549316e-01
5.917001962661743164e-01
5.915003418922424316e-01
5.904002189636230469e-01
5.876000523567199707e-01
5.543999671936035156e-01
5.739000439643859863e-01
5.766000151634216309e-01
5.914000868797302246e-01
5.927001833915710449e-01
5.931000709533691406e-01
5.908001065254211426e-01
5.965999960899353027e-01
5.852000713348388672e-01
6.001998782157897949e-01
5.846001505851745605e-01
5.936000347137451172e-01
5.856999754905700684e-01
