1.673999726772308350e-01
1.830999404191970825e-01
2.664999663829803467e-01
2.880000770092010498e-01
3.615999817848205566e-01
3.441000580787658691e-01
3.276000916957855225e-01
3.122999668121337891e-01
4.088998734951019287e-01
4.510999917984008789e-01
4.308999180793762207e-01
4.195999801158905029e-01
4.795000851154327393e-01
4.809998571872711182e-01
4.750998318195343018e-01
4.593999385833740234e-01
4.982999265193939209e-01
4.980000555515289307e-01
4.382998943328857422e-01
4.413999915122985840e-01
4.851000905036926270e-01
5.206998586654663086e-01
5.144001245498657227e-01
5.201999545097351074e-01
5.223000049591064453e-01
5.371000170707702637e-01
5.344001054763793945e-01
5.409998297691345215e-01
5.469999313354492188e-01
5.392000675201416016e-01
5.425000786781311035e-01
5.409000515937805176e-01
5.570998787879943848e-01
5.540999770164489746e-01
5.195000767707824707e-01
5.374000668525695801e-01
5.624998807907104492e-01
5.514000058174133301e-01
5.342999696731567383e-01
5.430999398231506348e-01
5.504999756813049316e-01
5.681000351905822754e-01
5.418999195098876953e-01
5.351000428199768066e-01
5.633999109268188477e-01
5.685998797416687012e-01
5.652000308036804199e-01
5.635001659393310547e-01
5.729001760482788086e-01
5.706000328063964844e-01
5.691000223159790039e-01
5.503000617027282715e-01
5.554999709129333496e-01
5.835000276565551758e-01
5.683000683784484863e-01
5.073001980781555176e-01
5.588999986648559570e-01
5.926998853683471680e-01
5.744000077247619629e-01
5.740000605583190918e-01
5.751000046730041504e-01
5.860999226570129395e-01
5.527998805046081543e-01
5.863000154495239258e-01
5.680999755859375000e-01
5.774001479148864746e-01
5.691999793052673340e-01
5.722001791000366211e-01
5.865001082420349121e-01
5.889000892639160156e-01
5.610999464988708496e-01
5.634999871253967285e-01
5.749000906944274902e-01
5.831001400947570801e-01
5.589998960494995117e-01
5.659000277519226074e-01
5.899999737739562988e-01
5.857000350952148438e-01
5.643001198768615723e-01
5.881998538970947266e-01
5.908000469207763672e-01
5.885999202728271484e-01
5.742999911308288574e-01
5.759000778198242188e-01
5.774001479148864746e-01
5.938000679016113281e-01
5.951001048088073730e-01
5.804000496864318848e-01
5.830999016761779785e-01
5.915001034736633301e-01
5.917000174522399902e-01
5.904999971389770508e-01
5.890001058578491211e-01
5.985999107360839844e-01
5.725999474525451660e-01
5.869000554084777832e-01
5.960999131202697754e-01
5.961000919342041016e-01
5.910000205039978027e-01
5.894999504089355469e-01
