1.533999890089035034e-01
2.255999743938446045e-01
1.748999804258346558e-01
2.534998953342437744e-01
2.907999455928802490e-01
3.655999302864074707e-01
3.366000652313232422e-01
3.443000316619873047e-01
3.976000249385833740e-01
3.992999494075775146e-01
4.168999791145324707e-01
4.050999879837036133e-01
4.409999251365661621e-01
3.964999616146087646e-01
4.373999238014221191e-01
4.459999799728393555e-01
4.654999673366546631e-01
4.900999665260314941e-01
4.961999356746673584e-01
4.990999102592468262e-01
5.128999948501586914e-01
5.319999456405639648e-01
5.263000726699829102e-01
5.291001200675964355e-01
5.319999456405639648e-01
5.376999974250793457e-01
5.223999023437500000e-01
5.453999042510986328e-01
5.327000617980957031e-01
5.364000201225280762e-01
5.356999635696411133e-01
5.420998930931091309e-01
5.465001463890075684e-01
5.558000206947326660e-01
5.338999629020690918e-01
5.284999012947082520e-01
5.293999910354614258e-01
5.460999608039855957e-01
5.549998879432678223e-01
5.499999523162841797e-01
5.675000548362731934e-01
5.531001091003417969e-01
5.468999743461608887e-01
5.392999649047851562e-01
5.468000173568725586e-01
5.540000796318054199e-01
5.646999478340148926e-01
5.619001388549804688e-01
5.712999701499938965e-01
5.536999702453613281e-01
5.690000653266906738e-01
5.622000098228454590e-01
5.695998668670654297e-01
5.725998878479003906e-01
5.615999698638916016e-01
5.688999891281127930e-01
5.573999881744384766e-01
5.714001059532165527e-01
5.739999413490295410e-01
5.777000188827514648e-01
5.725999474525451660e-01
5.734000802040100098e-01
5.794000029563903809e-01
5.838999748229980469e-01
5.501999855041503906e-01
5.361000895500183105e-01
5.705000758171081543e-01
5.671000480651855469e-01
5.699999928474426270e-01
5.777999758720397949e-01
5.758000612258911133e-01
5.675999522209167480e-01
5.685001015663146973e-01
5.743000507354736328e-01
5.729999542236328125e-01
5.731999874114990234e-01
5.834999084472656250e-01
5.805000066757202148e-01
5.823999047279357910e-01
5.687000751495361328e-01
5.628000497817993164e-01
5.562999844551086426e-01
5.603999495506286621e-01
5.552999377250671387e-01
5.774999260902404785e-01
5.766000151634216309e-01
5.802000164985656738e-01
5.632000565528869629e-01
5.711001157760620117e-01
5.620000958442687988e-01
5.733000636100769043e-01
5.807001590728759766e-01
5.881000161170959473e-01
5.891001224517822266e-01
5.719000697135925293e-01
5.728000998497009277e-01
5.806999802589416504e-01
5.882001519203186035e-01
5.866000652313232422e-01
5.763999819755554199e-01
