4.053000509738922119e-01
5.276999473571777344e-01
5.155001282691955566e-01
5.439000725746154785e-01
5.942001342773437500e-01
5.986000299453735352e-01
6.584998965263366699e-01
7.049999833106994629e-01
7.321001291275024414e-01
7.039000988006591797e-01
7.978000640869140625e-01
8.041000962257385254e-01
7.871000170707702637e-01
8.161001801490783691e-01
8.194999694824218750e-01
8.525002002716064453e-01
8.575999736785888672e-01
8.614002466201782227e-01
8.580999970436096191e-01
8.744001984596252441e-01
8.477001786231994629e-01
8.738998174667358398e-01
8.682999610900878906e-01
8.807001709938049316e-01
8.679000735282897949e-01
8.814999461174011230e-01
8.930999040603637695e-01
8.849000334739685059e-01
8.815997838973999023e-01
8.893001079559326172e-01
8.741002082824707031e-01
8.838999271392822266e-01
8.677999377250671387e-01
8.821000456809997559e-01
8.703998327255249023e-01
8.629002571105957031e-01
8.954001069068908691e-01
8.791999220848083496e-01
8.826002478599548340e-01
8.962998390197753906e-01
8.999000787734985352e-01
8.977997303009033203e-01
8.858004212379455566e-01
8.501999378204345703e-01
8.582000732421875000e-01
8.242000341415405273e-01
8.764000535011291504e-01
9.027001261711120605e-01
8.912001252174377441e-01
9.048999547958374023e-01
8.769002556800842285e-01
8.995999097824096680e-01
8.935000896453857422e-01
8.809999823570251465e-01
9.102001190185546875e-01
8.913000226020812988e-01
9.058002233505249023e-01
8.858999609947204590e-01
9.007999897003173828e-01
9.197000265121459961e-01
8.940001130104064941e-01
9.145001769065856934e-01
9.058003425598144531e-01
9.195998907089233398e-01
9.005000591278076172e-01
9.219998121261596680e-01
9.036000967025756836e-01
9.064999222755432129e-01
8.874000310897827148e-01
9.081000685691833496e-01
9.171000123023986816e-01
8.742997646331787109e-01
9.198998808860778809e-01
9.107999205589294434e-01
9.185000658035278320e-01
8.628997802734375000e-01
8.523000478744506836e-01
8.811997175216674805e-01
9.008001089096069336e-01
9.153000116348266602e-01
9.018001556396484375e-01
9.305997490882873535e-01
9.167999029159545898e-01
8.963000774383544922e-01
9.186000823974609375e-01
9.281998276710510254e-01
9.264999628067016602e-01
9.219000339508056641e-01
9.085001945495605469e-01
9.150998592376708984e-01
9.063998460769653320e-01
8.866000175476074219e-01
9.000000953674316406e-01
8.899002075195312500e-01
9.034001231193542480e-01
9.272999763488769531e-01
9.247002601623535156e-01
9.207999706268310547e-01
9.210000634193420410e-01
9.238998293876647949e-01
