3.045000135898590088e-01
3.993000090122222900e-01
4.000000059604644775e-01
3.810998499393463135e-01
4.132999479770660400e-01
5.144000053405761719e-01
6.492999792098999023e-01
6.972000002861022949e-01
7.180999517440795898e-01
8.002000451087951660e-01
7.177999615669250488e-01
6.934999823570251465e-01
6.506999135017395020e-01
6.503999233245849609e-01
6.997001171112060547e-01
7.725001573562622070e-01
7.713001370429992676e-01
8.056002855300903320e-01
8.357002139091491699e-01
8.100997805595397949e-01
8.259999752044677734e-01
7.806999087333679199e-01
7.882000803947448730e-01
7.991999983787536621e-01
7.969998121261596680e-01
7.663999795913696289e-01
8.110998272895812988e-01
7.884001135826110840e-01
7.414000630378723145e-01
8.118999600410461426e-01
8.111000061035156250e-01
7.794000506401062012e-01
8.081998229026794434e-01
8.539003729820251465e-01
8.552000522613525391e-01
8.580000400543212891e-01
8.388001918792724609e-01
8.587998747825622559e-01
8.127004504203796387e-01
8.513998389244079590e-01
8.215000033378601074e-01
8.706000447273254395e-01
8.649002909660339355e-01
8.450002074241638184e-01
8.082999587059020996e-01
8.657999634742736816e-01
8.632000088691711426e-01
8.572000265121459961e-01
8.581998944282531738e-01
8.696000576019287109e-01
8.452001214027404785e-01
8.009000420570373535e-01
7.888001203536987305e-01
8.752999901771545410e-01
8.665000200271606445e-01
8.901999592781066895e-01
8.534000515937805176e-01
8.971999287605285645e-01
8.001999855041503906e-01
7.970001697540283203e-01
8.612999916076660156e-01
8.826001882553100586e-01
8.475000858306884766e-01
8.493001461029052734e-01
8.760000467300415039e-01
8.404003381729125977e-01
8.764000535011291504e-01
8.246999382972717285e-01
8.411000967025756836e-01
8.768999576568603516e-01
8.163000345230102539e-01
8.779997229576110840e-01
9.021000862121582031e-01
8.301999568939208984e-01
8.536999225616455078e-01
8.559998869895935059e-01
9.032001495361328125e-01
8.656001091003417969e-01
8.629000186920166016e-01
8.396002054214477539e-01
8.810999393463134766e-01
8.835002183914184570e-01
8.505000472068786621e-01
8.599998950958251953e-01
8.379998803138732910e-01
8.980001211166381836e-01
8.710997700691223145e-01
8.956000804901123047e-01
8.835998773574829102e-01
8.843998908996582031e-01
8.686999678611755371e-01
7.822001576423645020e-01
8.173997998237609863e-01
8.201999664306640625e-01
8.944001197814941406e-01
8.957000970840454102e-01
9.139000773429870605e-01
9.034001231193542480e-01
8.755002021789550781e-01
9.126998186111450195e-01
