3.356000185012817383e-01
4.449998736381530762e-01
4.446999430656433105e-01
4.499999284744262695e-01
6.143999695777893066e-01
6.746000051498413086e-01
7.979000210762023926e-01
6.697998642921447754e-01
7.281998991966247559e-01
7.647998332977294922e-01
7.688000202178955078e-01
7.528000473976135254e-01
7.615997791290283203e-01
7.211000323295593262e-01
7.908001542091369629e-01
8.055002689361572266e-01
7.889000773429870605e-01
8.426001071929931641e-01
8.112002015113830566e-01
8.678002357482910156e-01
6.983999609947204590e-01
7.978998422622680664e-01
7.971999645233154297e-01
8.318001031875610352e-01
8.679001331329345703e-01
8.415001630783081055e-01
6.889001727104187012e-01
8.019999861717224121e-01
8.280002474784851074e-01
8.348999023437500000e-01
8.254999518394470215e-01
7.824000716209411621e-01
8.448003530502319336e-01
8.631000518798828125e-01
8.008999824523925781e-01
8.328999876976013184e-01
8.556998372077941895e-01
8.126002550125122070e-01
7.914997935295104980e-01
7.647999525070190430e-01
8.218000531196594238e-01
8.299999237060546875e-01
8.993999361991882324e-01
8.856000304222106934e-01
7.983000278472900391e-01
8.725999593734741211e-01
8.301998972892761230e-01
8.354001045227050781e-01
8.594002723693847656e-01
8.815001845359802246e-01
8.705999851226806641e-01
8.355001211166381836e-01
8.658001422882080078e-01
8.880000114440917969e-01
8.587000966072082520e-01
8.813998699188232422e-01
8.618000745773315430e-01
8.460999131202697754e-01
8.853999972343444824e-01
8.780999779701232910e-01
8.717001080513000488e-01
9.073000550270080566e-01
8.781002759933471680e-01
8.110999464988708496e-01
8.833000659942626953e-01
8.863999843597412109e-01
8.717002868652343750e-01
9.072999358177185059e-01
8.891999721527099609e-01
9.069998860359191895e-01
8.988001942634582520e-01
8.965001106262207031e-01
8.655000925064086914e-01
8.534002900123596191e-01
8.950001001358032227e-01
8.916999101638793945e-01
9.043999314308166504e-01
8.573000431060791016e-01
9.082000255584716797e-01
9.033998847007751465e-01
8.438999056816101074e-01
8.532001376152038574e-01
8.677003383636474609e-01
8.848997354507446289e-01
8.054000735282897949e-01
9.040001630783081055e-01
9.148001074790954590e-01
8.698999881744384766e-01
8.638000488281250000e-01
8.778001666069030762e-01
9.122000336647033691e-01
9.202000498771667480e-01
9.050001502037048340e-01
8.240000009536743164e-01
8.915001749992370605e-01
8.848999738693237305e-01
9.141001105308532715e-01
8.899002075195312500e-01
8.812000155448913574e-01
8.870999813079833984e-01
