4.356999695301055908e-01
4.043999910354614258e-01
5.163999795913696289e-01
4.978001713752746582e-01
6.179000139236450195e-01
6.783999800682067871e-01
7.226001024246215820e-01
7.058999538421630859e-01
7.598999142646789551e-01
7.903000116348266602e-01
7.668001055717468262e-01
7.337998747825622559e-01
8.114001750946044922e-01
8.257999420166015625e-01
8.130002021789550781e-01
8.229000568389892578e-01
8.292000293731689453e-01
8.119997382164001465e-01
8.440001010894775391e-01
8.072000741958618164e-01
8.333999514579772949e-01
7.415000200271606445e-01
8.075000643730163574e-01
8.245998620986938477e-01
8.023000955581665039e-01
7.843998074531555176e-01
8.758999705314636230e-01
8.503000140190124512e-01
8.624999523162841797e-01
8.798999786376953125e-01
8.166000247001647949e-01
8.452001810073852539e-01
8.567000627517700195e-01
8.854001760482788086e-01
8.388999700546264648e-01
8.831999301910400391e-01
8.978000879287719727e-01
8.822002410888671875e-01
8.307999372482299805e-01
8.677999973297119141e-01
8.430999517440795898e-01
8.507000803947448730e-01
8.759002685546875000e-01
9.008001089096069336e-01
8.739002943038940430e-01
9.110000133514404297e-01
8.966002464294433594e-01
8.079999685287475586e-01
7.756000757217407227e-01
8.511000275611877441e-01
8.564000129699707031e-01
8.746000528335571289e-01
8.956001400947570801e-01
8.123999834060668945e-01
7.674000263214111328e-01
8.270002603530883789e-01
8.840000629425048828e-01
8.977001905441284180e-01
8.907999992370605469e-01
8.990999460220336914e-01
8.718998432159423828e-01
8.801001906394958496e-01
8.709000945091247559e-01
9.161002635955810547e-01
8.870000243186950684e-01
8.254999518394470215e-01
8.327998518943786621e-01
8.978000879287719727e-01
8.598998188972473145e-01
8.821001648902893066e-01
9.140999317169189453e-01
8.830999732017517090e-01
8.784000277519226074e-01
9.083999395370483398e-01
9.141000509262084961e-01
9.173000454902648926e-01
9.145998954772949219e-01
8.824000358581542969e-01
9.122998714447021484e-01
9.174003005027770996e-01
8.574000000953674316e-01
8.760999441146850586e-01
8.775997757911682129e-01
8.750999569892883301e-01
9.096000194549560547e-01
8.965001702308654785e-01
9.030999541282653809e-01
8.878999948501586914e-01
8.661000132560729980e-01
9.270000457763671875e-01
8.896999359130859375e-01
9.151000380516052246e-01
9.057998061180114746e-01
9.220001101493835449e-01
8.966999650001525879e-01
9.028003215789794922e-01
8.679001331329345703e-01
8.442998528480529785e-01
9.267001152038574219e-01
9.197000861167907715e-01
