3.612000346183776855e-01
3.667999505996704102e-01
4.550997912883758545e-01
4.328999817371368408e-01
5.114001631736755371e-01
5.528000593185424805e-01
6.020000576972961426e-01
5.736999511718750000e-01
5.679000020027160645e-01
6.873000860214233398e-01
6.126001477241516113e-01
6.676001548767089844e-01
7.041999101638793945e-01
7.048000097274780273e-01
6.793000102043151855e-01
6.288002133369445801e-01
7.321000695228576660e-01
7.189001441001892090e-01
6.723000407218933105e-01
7.236999273300170898e-01
7.763001322746276855e-01
8.155000209808349609e-01
7.638002038002014160e-01
7.730001807212829590e-01
7.790001034736633301e-01
8.221001625061035156e-01
7.970998883247375488e-01
7.815998792648315430e-01
7.867000102996826172e-01
7.117000818252563477e-01
7.456000447273254395e-01
8.019999861717224121e-01
8.029002547264099121e-01
8.179998993873596191e-01
8.080999255180358887e-01
8.505998849868774414e-01
8.426998853683471680e-01
8.177002072334289551e-01
7.624002099037170410e-01
8.433001041412353516e-01
8.293002247810363770e-01
7.928997874259948730e-01
7.940999865531921387e-01
8.478998541831970215e-01
8.721997141838073730e-01
8.344001173973083496e-01
8.354001045227050781e-01
8.561000227928161621e-01
8.443999290466308594e-01
8.606000542640686035e-01
8.468002080917358398e-01
8.010999560356140137e-01
8.265001773834228516e-01
8.016003370285034180e-01
8.183000683784484863e-01
8.390998840332031250e-01
8.585000038146972656e-01
8.737000823020935059e-01
8.671997785568237305e-01
7.980998754501342773e-01
8.543001413345336914e-01
8.555000424385070801e-01
8.540000319480895996e-01
8.849002122879028320e-01
8.720000386238098145e-01
8.689999580383300781e-01
8.097000122070312500e-01
8.806999921798706055e-01
8.960001468658447266e-01
8.485999107360839844e-01
8.649999499320983887e-01
8.725999593734741211e-01
8.805000782012939453e-01
8.623997569084167480e-01
8.712000846862792969e-01
8.602001070976257324e-01
8.706001043319702148e-01
8.256001472473144531e-01
8.686000108718872070e-01
8.818000555038452148e-01
8.847000002861022949e-01
8.939002752304077148e-01
8.844001889228820801e-01
8.563998937606811523e-01
8.460000753402709961e-01
8.344001770019531250e-01
8.821002244949340820e-01
9.063998460769653320e-01
8.711999654769897461e-01
8.694999814033508301e-01
8.168002367019653320e-01
8.738997578620910645e-01
8.743000626564025879e-01
8.412000536918640137e-01
8.935999870300292969e-01
8.901998996734619141e-01
8.941999077796936035e-01
8.525000214576721191e-01
8.753999471664428711e-01
9.002999067306518555e-01
