4.486999213695526123e-01
4.928998649120330811e-01
3.358000218868255615e-01
4.534999430179595947e-01
5.261999964714050293e-01
5.712999701499938965e-01
6.445999145507812500e-01
6.599998474121093750e-01
5.860000252723693848e-01
6.504001021385192871e-01
6.818001270294189453e-01
7.165998816490173340e-01
7.188000679016113281e-01
8.101999163627624512e-01
8.363001346588134766e-01
7.198997735977172852e-01
8.383001089096069336e-01
8.281999826431274414e-01
7.960000634193420410e-01
8.056003451347351074e-01
7.357001304626464844e-01
7.422000765800476074e-01
6.534999608993530273e-01
8.007999658584594727e-01
8.154001832008361816e-01
8.031000494956970215e-01
7.243000268936157227e-01
7.284001111984252930e-01
8.141999244689941406e-01
7.077000141143798828e-01
7.836000323295593262e-01
7.877998948097229004e-01
6.945999860763549805e-01
8.274999856948852539e-01
8.398001790046691895e-01
8.414000868797302246e-01
8.374001383781433105e-01
8.669002056121826172e-01
8.429998755455017090e-01
7.597001791000366211e-01
8.572001457214355469e-01
8.227997422218322754e-01
7.883000373840332031e-01
8.556002974510192871e-01
7.864998579025268555e-01
8.598000407218933105e-01
8.094999194145202637e-01
8.774998188018798828e-01
8.386001586914062500e-01
8.379999399185180664e-01
8.458001613616943359e-01
9.002999663352966309e-01
8.580998778343200684e-01
8.814001679420471191e-01
8.792002201080322266e-01
8.651998639106750488e-01
8.444001674652099609e-01
8.784002065658569336e-01
7.830000519752502441e-01
8.901001214981079102e-01
9.067999124526977539e-01
8.635004162788391113e-01
8.911999464035034180e-01
8.527000546455383301e-01
8.469002246856689453e-01
8.398999571800231934e-01
8.321999907493591309e-01
8.640001416206359863e-01
8.311002254486083984e-01
8.988001942634582520e-01
8.928999304771423340e-01
8.677000999450683594e-01
8.942000865936279297e-01
8.401999473571777344e-01
7.933000922203063965e-01
8.588998913764953613e-01
8.883999586105346680e-01
9.019002318382263184e-01
9.051998853683471680e-01
8.656003475189208984e-01
8.853003978729248047e-01
8.567998409271240234e-01
8.372001051902770996e-01
8.462000489234924316e-01
8.131999969482421875e-01
8.824999928474426270e-01
8.654000163078308105e-01
8.912000060081481934e-01
8.855000138282775879e-01
8.944999575614929199e-01
9.158998727798461914e-01
9.091996550559997559e-01
9.127000570297241211e-01
9.090000987052917480e-01
8.906000256538391113e-01
9.086000323295593262e-01
8.554000258445739746e-01
8.942000865936279297e-01
8.943001627922058105e-01
8.554000854492187500e-01
