2.861000895500183105e-01
4.770999848842620850e-01
4.173998236656188965e-01
4.280999302864074707e-01
4.468000531196594238e-01
4.525999128818511963e-01
6.378999948501586914e-01
5.864000916481018066e-01
7.125000953674316406e-01
6.632998585700988770e-01
6.757999658584594727e-01
6.038999557495117188e-01
6.992000341415405273e-01
7.273997664451599121e-01
7.339000701904296875e-01
7.808999419212341309e-01
7.770000696182250977e-01
7.072998285293579102e-01
7.548002600669860840e-01
7.296000123023986816e-01
6.805999875068664551e-01
6.961997747421264648e-01
6.559998393058776855e-01
8.197001814842224121e-01
7.177999019622802734e-01
8.061998486518859863e-01
5.574001073837280273e-01
7.822001576423645020e-01
7.246000766754150391e-01
6.412000060081481934e-01
7.402998208999633789e-01
6.802999973297119141e-01
8.550002574920654297e-01
7.520998120307922363e-01
7.682998776435852051e-01
8.339001536369323730e-01
8.253002166748046875e-01
6.747999787330627441e-01
7.784001827239990234e-01
5.765999555587768555e-01
8.369001746177673340e-01
8.413999676704406738e-01
7.675998210906982422e-01
8.366001248359680176e-01
8.867000341415405273e-01
8.458998203277587891e-01
7.799998521804809570e-01
8.435003161430358887e-01
8.844001889228820801e-01
8.190999627113342285e-01
8.186999559402465820e-01
7.690999507904052734e-01
8.629999756813049316e-01
8.731999993324279785e-01
8.473001718521118164e-01
8.327997326850891113e-01
8.192002177238464355e-01
7.715999484062194824e-01
8.738000988960266113e-01
8.663000464439392090e-01
8.584998846054077148e-01
7.605997323989868164e-01
8.597000241279602051e-01
8.402999639511108398e-01
8.850998878479003906e-01
8.643000721931457520e-01
8.328001499176025391e-01
9.043001532554626465e-01
8.737002611160278320e-01
8.576000928878784180e-01
8.827000260353088379e-01
8.525001406669616699e-01
8.616001009941101074e-01
8.622997999191284180e-01
8.132001757621765137e-01
8.504000902175903320e-01
8.603999614715576172e-01
8.228999376296997070e-01
8.608000278472900391e-01
8.575000762939453125e-01
6.829000115394592285e-01
8.581000566482543945e-01
8.733002543449401855e-01
8.639999628067016602e-01
7.675999999046325684e-01
9.028000831604003906e-01
9.113000631332397461e-01
8.125002384185791016e-01
9.083003401756286621e-01
8.956001996994018555e-01
8.931999802589416504e-01
9.040999412536621094e-01
8.659999966621398926e-01
8.884998559951782227e-01
8.957000970840454102e-01
8.721997737884521484e-01
8.823000192642211914e-01
8.912001252174377441e-01
9.145998954772949219e-01
8.820002079010009766e-01
