3.134000897407531738e-01
3.856000602245330811e-01
5.186001062393188477e-01
5.148000717163085938e-01
4.719999432563781738e-01
4.728998243808746338e-01
7.099997997283935547e-01
6.628000736236572266e-01
7.925000190734863281e-01
6.514999270439147949e-01
7.263998985290527344e-01
7.919998168945312500e-01
7.812001109123229980e-01
7.818998098373413086e-01
8.021999597549438477e-01
7.798998355865478516e-01
8.181999921798706055e-01
8.466999530792236328e-01
8.154999017715454102e-01
8.576001524925231934e-01
7.445001006126403809e-01
7.191001176834106445e-01
8.211002349853515625e-01
8.170998096466064453e-01
8.362999558448791504e-01
8.374000787734985352e-01
7.967000603675842285e-01
8.328001499176025391e-01
7.816002368927001953e-01
7.748000621795654297e-01
8.754003643989562988e-01
7.517001628875732422e-01
7.730998396873474121e-01
8.432001471519470215e-01
8.790000081062316895e-01
8.622001409530639648e-01
7.256000041961669922e-01
7.669999003410339355e-01
7.715001702308654785e-01
8.637998700141906738e-01
8.574000597000122070e-01
7.636001110076904297e-01
8.723998069763183594e-01
7.935999035835266113e-01
8.385999202728271484e-01
8.203998804092407227e-01
8.605000376701354980e-01
8.458998799324035645e-01
8.127000927925109863e-01
8.179997801780700684e-01
8.716002106666564941e-01
8.794003129005432129e-01
8.760998249053955078e-01
8.991001844406127930e-01
8.924999237060546875e-01
8.126000165939331055e-01
7.929000258445739746e-01
8.482000231742858887e-01
8.684003353118896484e-01
9.087001681327819824e-01
7.951997518539428711e-01
8.005999922752380371e-01
7.765998840332031250e-01
8.353000879287719727e-01
8.547999858856201172e-01
8.772000074386596680e-01
8.955001235008239746e-01
8.874999880790710449e-01
8.384001255035400391e-01
8.399000763893127441e-01
7.896001935005187988e-01
8.877001404762268066e-01
7.827001810073852539e-01
9.166001081466674805e-01
9.083001017570495605e-01
9.245000481605529785e-01
8.896001577377319336e-01
8.617001175880432129e-01
9.002001881599426270e-01
9.052999615669250488e-01
9.195001721382141113e-01
8.953999876976013184e-01
8.091999292373657227e-01
8.835002183914184570e-01
8.583001494407653809e-01
8.325002193450927734e-01
8.302997350692749023e-01
9.032002091407775879e-01
8.405001759529113770e-01
8.308998346328735352e-01
9.111999273300170898e-01
8.887001872062683105e-01
9.049001932144165039e-01
8.780000805854797363e-01
8.832005262374877930e-01
8.665001392364501953e-01
9.093000888824462891e-01
9.123002886772155762e-01
8.289999961853027344e-01
8.465999364852905273e-01
