4.798000752925872803e-01
5.258999466896057129e-01
4.622001349925994873e-01
5.535000562667846680e-01
6.742000579833984375e-01
6.677998900413513184e-01
6.411001086235046387e-01
7.169001698493957520e-01
7.158002257347106934e-01
7.486000061035156250e-01
7.437000274658203125e-01
8.181998729705810547e-01
8.149999976158142090e-01
8.134000301361083984e-01
7.937000393867492676e-01
8.390001058578491211e-01
7.778998017311096191e-01
8.021999597549438477e-01
8.086000680923461914e-01
8.475001454353332520e-01
8.442999124526977539e-01
8.737002015113830566e-01
7.531997561454772949e-01
8.558000922203063965e-01
8.115000128746032715e-01
8.147999048233032227e-01
8.602001667022705078e-01
8.128000497817993164e-01
7.860998511314392090e-01
8.134999275207519531e-01
8.094000220298767090e-01
8.192998766899108887e-01
8.894001245498657227e-01
8.334999084472656250e-01
8.777000308036804199e-01
8.414998650550842285e-01
8.416998982429504395e-01
8.558999896049499512e-01
8.915998339653015137e-01
8.529998660087585449e-01
8.193002343177795410e-01
8.357000946998596191e-01
8.296999335289001465e-01
8.788000345230102539e-01
8.589001297950744629e-01
8.640999794006347656e-01
8.596001267433166504e-01
8.332999348640441895e-01
8.969002366065979004e-01
8.642002344131469727e-01
8.813999891281127930e-01
8.700000047683715820e-01
8.163998126983642578e-01
9.032999277114868164e-01
8.916001319885253906e-01
8.941001296043395996e-01
8.995001912117004395e-01
8.833001852035522461e-01
8.713000416755676270e-01
8.904001116752624512e-01
8.877000212669372559e-01
9.181997179985046387e-01
8.924999833106994629e-01
9.034998416900634766e-01
8.653000593185424805e-01
8.751999735832214355e-01
8.630000352859497070e-01
8.744001984596252441e-01
8.946002125740051270e-01
9.120998382568359375e-01
9.111000895500183105e-01
8.738999962806701660e-01
9.219000339508056641e-01
8.742001056671142578e-01
8.804001808166503906e-01
8.806000351905822754e-01
8.457000255584716797e-01
8.949000835418701172e-01
9.022001624107360840e-01
9.100997447967529297e-01
8.926001191139221191e-01
8.964998722076416016e-01
8.571001291275024414e-01
9.104001522064208984e-01
8.913999199867248535e-01
9.048998355865478516e-01
9.034000635147094727e-01
9.119997620582580566e-01
8.879999518394470215e-01
9.170003533363342285e-01
8.945000171661376953e-01
9.246998429298400879e-01
9.078001379966735840e-01
9.070000648498535156e-01
8.760002851486206055e-01
8.830001950263977051e-01
9.067000746726989746e-01
9.262000322341918945e-01
9.200999736785888672e-01
9.179000854492187500e-01
