5.254999399185180664e-01
4.162000417709350586e-01
4.595000147819519043e-01
6.341998577117919922e-01
6.403999328613281250e-01
6.688997745513916016e-01
6.597999334335327148e-01
6.678000092506408691e-01
6.873998045921325684e-01
7.041999101638793945e-01
7.370998859405517578e-01
7.250000238418579102e-01
7.281997799873352051e-01
7.074999809265136719e-01
7.390998005867004395e-01
7.506000995635986328e-01
8.125997781753540039e-01
7.866998314857482910e-01
7.623999714851379395e-01
7.659999728202819824e-01
7.921000719070434570e-01
7.770001888275146484e-01
7.756999731063842773e-01
7.747001051902770996e-01
7.990998625755310059e-01
8.405001759529113770e-01
8.524003624916076660e-01
8.656001091003417969e-01
8.186000585556030273e-01
8.321002721786499023e-01
8.368000984191894531e-01
8.593002557754516602e-01
8.005999922752380371e-01
8.375003933906555176e-01
8.227998614311218262e-01
8.679002523422241211e-01
8.253000378608703613e-01
8.401998281478881836e-01
8.646002411842346191e-01
8.933001756668090820e-01
8.666002750396728516e-01
8.396999835968017578e-01
8.209000229835510254e-01
8.718999624252319336e-01
8.115999102592468262e-01
8.364999890327453613e-01
8.380001187324523926e-01
8.594000339508056641e-01
8.472000360488891602e-01
8.922001123428344727e-01
8.231000304222106934e-01
8.081001043319702148e-01
8.499001264572143555e-01
8.375998735427856445e-01
8.880999684333801270e-01
8.476001620292663574e-01
8.474001884460449219e-01
8.290998935699462891e-01
8.274998664855957031e-01
8.607000112533569336e-01
8.715999126434326172e-01
8.557001352310180664e-01
8.726997971534729004e-01
8.245998620986938477e-01
8.690999746322631836e-01
8.938001990318298340e-01
8.917001485824584961e-01
8.805000185966491699e-01
8.983997106552124023e-01
8.669999837875366211e-01
8.555001020431518555e-01
9.012001752853393555e-01
8.928002119064331055e-01
8.643999695777893066e-01
8.742999434471130371e-01
8.504000306129455566e-01
8.640999794006347656e-01
8.433001637458801270e-01
8.366998434066772461e-01
8.671000599861145020e-01
8.894999027252197266e-01
8.980002403259277344e-01
9.041997790336608887e-01
9.076999425888061523e-01
8.936999440193176270e-01
8.897999525070190430e-01
8.596997857093811035e-01
8.761997818946838379e-01
8.647002577781677246e-01
8.723999857902526855e-01
8.460001349449157715e-01
8.647998571395874023e-01
8.459001183509826660e-01
8.869999647140502930e-01
9.055000543594360352e-01
8.969001173973083496e-01
8.972002267837524414e-01
9.053000807762145996e-01
8.852999806404113770e-01
