5.318999886512756348e-01
4.614000022411346436e-01
5.355000495910644531e-01
6.129998564720153809e-01
6.033000349998474121e-01
7.328000664710998535e-01
7.107999920845031738e-01
7.436999678611755371e-01
7.813001275062561035e-01
7.700001001358032227e-01
7.425000071525573730e-01
8.321999907493591309e-01
7.898000478744506836e-01
8.222001791000366211e-01
8.448999524116516113e-01
8.055002689361572266e-01
8.570000529289245605e-01
8.299999833106994629e-01
8.691000938415527344e-01
8.575998544692993164e-01
8.521999120712280273e-01
8.597004413604736328e-01
8.427000641822814941e-01
8.517000675201416016e-01
8.711004853248596191e-01
8.625999689102172852e-01
8.354001641273498535e-01
8.644000887870788574e-01
8.758000135421752930e-01
8.729999661445617676e-01
8.403999805450439453e-01
8.813998699188232422e-01
8.861001729965209961e-01
8.677000999450683594e-01
8.731999993324279785e-01
8.366000652313232422e-01
7.872997522354125977e-01
7.772998213768005371e-01
8.861002326011657715e-01
8.881001472473144531e-01
8.914999961853027344e-01
8.807999491691589355e-01
8.988999724388122559e-01
8.812003135681152344e-01
8.961002230644226074e-01
9.004001021385192871e-01
8.889000415802001953e-01
8.781999945640563965e-01
8.889000415802001953e-01
8.923001289367675781e-01
8.954001069068908691e-01
8.988001942634582520e-01
8.870999813079833984e-01
9.037999510765075684e-01
8.960998654365539551e-01
9.081999063491821289e-01
9.043999314308166504e-01
8.970000743865966797e-01
9.028999209403991699e-01
8.910999894142150879e-01
9.138002991676330566e-01
8.914999961853027344e-01
8.946001529693603516e-01
8.935002684593200684e-01
8.958001136779785156e-01
8.835002183914184570e-01
8.873000144958496094e-01
8.760000467300415039e-01
9.151000380516052246e-01
8.902004361152648926e-01
8.985002040863037109e-01
8.957002758979797363e-01
8.816002607345581055e-01
8.973000049591064453e-01
9.070999622344970703e-01
9.124998450279235840e-01
8.792001605033874512e-01
8.974002599716186523e-01
9.099000692367553711e-01
9.039000868797302246e-01
8.982000946998596191e-01
9.040002226829528809e-01
9.171003699302673340e-01
9.154000282287597656e-01
8.986999988555908203e-01
9.164000749588012695e-01
9.194999933242797852e-01
8.985999226570129395e-01
9.243000149726867676e-01
9.259000420570373535e-01
9.156000614166259766e-01
9.303001165390014648e-01
9.185001850128173828e-01
9.179003238677978516e-01
9.186998009681701660e-01
9.291999340057373047e-01
9.317000508308410645e-01
9.194001555442810059e-01
9.260000586509704590e-01
9.230999946594238281e-01
