2.742000520229339600e-01
3.992999196052551270e-01
5.415000319480895996e-01
5.852999687194824219e-01
6.619998216629028320e-01
7.459999322891235352e-01
8.027002215385437012e-01
8.255999088287353516e-01
8.037998676300048828e-01
8.244001269340515137e-01
8.488999009132385254e-01
8.443999290466308594e-01
8.429000973701477051e-01
8.572001457214355469e-01
8.774999976158142090e-01
8.659000992774963379e-01
8.892999887466430664e-01
8.862999677658081055e-01
8.760001659393310547e-01
8.802002072334289551e-01
8.939998745918273926e-01
8.860999941825866699e-01
8.923999667167663574e-01
8.923000097274780273e-01
8.894999027252197266e-01
8.815000057220458984e-01
9.048000574111938477e-01
9.054999351501464844e-01
8.888001441955566406e-01
8.933001756668090820e-01
9.010999798774719238e-01
8.992999196052551270e-01
8.929001092910766602e-01
9.069002270698547363e-01
9.125001430511474609e-01
9.073001146316528320e-01
9.158998727798461914e-01
9.159998297691345215e-01
9.120998978614807129e-01
9.147998690605163574e-01
9.172999858856201172e-01
9.185000658035278320e-01
9.167000055313110352e-01
9.162999987602233887e-01
9.142001271247863770e-01
8.991999626159667969e-01
9.212000966072082520e-01
9.203001260757446289e-01
9.194998741149902344e-01
9.228000044822692871e-01
9.159000515937805176e-01
9.112998843193054199e-01
9.186998009681701660e-01
9.079000949859619141e-01
9.061999320983886719e-01
9.245997667312622070e-01
9.214999675750732422e-01
9.269002676010131836e-01
9.239999651908874512e-01
9.290999770164489746e-01
9.249001145362854004e-01
9.306998252868652344e-01
9.166001677513122559e-01
9.258000254631042480e-01
9.319999217987060547e-01
9.199998974800109863e-01
9.231000542640686035e-01
9.322000145912170410e-01
9.190000891685485840e-01
9.202998876571655273e-01
9.255000352859497070e-01
9.249001145362854004e-01
9.327997565269470215e-01
9.337999820709228516e-01
9.315001964569091797e-01
9.361002445220947266e-01
9.225000143051147461e-01
9.338000416755676270e-01
9.366002082824707031e-01
9.294000267982482910e-01
9.345000386238098145e-01
9.276999831199645996e-01
9.290998578071594238e-01
9.332001209259033203e-01
9.338001012802124023e-01
9.302000403404235840e-01
9.360000491142272949e-01
9.347000122070312500e-01
9.363002181053161621e-01
9.363000392913818359e-01
9.310001134872436523e-01
9.333999752998352051e-01
9.367001056671142578e-01
9.289999604225158691e-01
9.318001270294189453e-01
9.305999279022216797e-01
9.273000359535217285e-01
9.316998124122619629e-01
9.362000823020935059e-01
9.382002353668212891e-01
