3.977999985218048096e-01
5.080000162124633789e-01
6.113998293876647949e-01
6.539999246597290039e-01
6.560999155044555664e-01
6.619999408721923828e-01
6.937999725341796875e-01
6.797000765800476074e-01
6.861997246742248535e-01
7.233999371528625488e-01
7.289000749588012695e-01
8.154997825622558594e-01
8.240000009536743164e-01
8.444003462791442871e-01
8.362003564834594727e-01
8.412999510765075684e-01
8.572001457214355469e-01
8.612000346183776855e-01
8.627000451087951660e-01
8.540999889373779297e-01
8.590998649597167969e-01
8.424001336097717285e-01
8.569002747535705566e-01
8.485001325607299805e-01
8.528999090194702148e-01
8.701999783515930176e-01
8.770000338554382324e-01
8.796998858451843262e-01
8.738002181053161621e-01
8.786000609397888184e-01
8.780000805854797363e-01
8.689000010490417480e-01
8.797000646591186523e-01
8.910998702049255371e-01
8.943999409675598145e-01
8.939000964164733887e-01
8.962000012397766113e-01
8.975001573562622070e-01
8.953999876976013184e-01
8.949002027511596680e-01
8.945000171661376953e-01
9.028002023696899414e-01
9.078999161720275879e-01
9.010998606681823730e-01
9.020001292228698730e-01
9.040001630783081055e-01
9.026001691818237305e-01
8.643999695777893066e-01
8.806999325752258301e-01
8.979001641273498535e-01
8.954002261161804199e-01
8.959002494812011719e-01
8.988001942634582520e-01
9.047002196311950684e-01
9.070003628730773926e-01
9.028002023696899414e-01
8.996998667716979980e-01
9.098001122474670410e-01
9.078001379966735840e-01
9.057000875473022461e-01
9.091000556945800781e-01
9.145000576972961426e-01
9.162999987602233887e-01
9.194002747535705566e-01
9.203003048896789551e-01
9.182000756263732910e-01
9.179000854492187500e-01
9.201001524925231934e-01
9.194000959396362305e-01
9.187000989913940430e-01
9.200003743171691895e-01
9.097001552581787109e-01
9.149000644683837891e-01
9.196000695228576660e-01
9.202001094818115234e-01
9.202001690864562988e-01
9.177002906799316406e-01
9.196002483367919922e-01
9.179000854492187500e-01
9.142001271247863770e-01
9.237002730369567871e-01
9.218999743461608887e-01
9.203998446464538574e-01
9.241003394126892090e-01
9.234002828598022461e-01
9.250001311302185059e-01
9.210000038146972656e-01
9.272001385688781738e-01
9.301002025604248047e-01
9.297000169754028320e-01
9.279000163078308105e-01
9.287000298500061035e-01
9.298002123832702637e-01
9.283003211021423340e-01
9.296002388000488281e-01
9.311003088951110840e-01
9.259999990463256836e-01
9.276000857353210449e-01
9.289000630378723145e-01
9.297000169754028320e-01
