4.934000670909881592e-01
5.693000555038452148e-01
6.366000175476074219e-01
6.761000156402587891e-01
7.250998020172119141e-01
7.382000088691711426e-01
7.425998449325561523e-01
7.687999606132507324e-01
7.790998220443725586e-01
7.804999351501464844e-01
7.950000166893005371e-01
8.158001899719238281e-01
8.119000792503356934e-01
8.156000375747680664e-01
8.275999426841735840e-01
8.263001441955566406e-01
8.318998813629150391e-01
8.347001075744628906e-01
8.411998152732849121e-01
8.481003046035766602e-01
8.449999094009399414e-01
7.287999987602233887e-01
6.958999633789062500e-01
7.163998484611511230e-01
8.441001176834106445e-01
8.371999263763427734e-01
7.808998823165893555e-01
8.685001134872436523e-01
8.804000020027160645e-01
6.802999973297119141e-01
7.800999283790588379e-01
8.370000720024108887e-01
8.887999057769775391e-01
6.635000705718994141e-01
8.035002350807189941e-01
8.442000746726989746e-01
8.674999475479125977e-01
7.785998582839965820e-01
8.432001471519470215e-01
8.875000476837158203e-01
8.948999047279357910e-01
7.324998378753662109e-01
6.991001367568969727e-01
8.391000628471374512e-01
8.938999176025390625e-01
8.813000321388244629e-01
8.669000267982482910e-01
8.963999748229980469e-01
8.956001996994018555e-01
8.849999308586120605e-01
8.823999762535095215e-01
9.084000587463378906e-01
9.083002209663391113e-01
5.845001339912414551e-01
8.828997611999511719e-01
9.017996788024902344e-01
9.111001491546630859e-01
8.954001069068908691e-01
8.533000946044921875e-01
8.653999567031860352e-01
9.137000441551208496e-01
8.805999755859375000e-01
8.904001712799072266e-01
8.569999933242797852e-01
9.027998447418212891e-01
8.084002137184143066e-01
8.565999865531921387e-01
9.074997901916503906e-01
9.147998094558715820e-01
7.083001136779785156e-01
8.996000885963439941e-01
9.142000079154968262e-01
9.143998622894287109e-01
9.119999408721923828e-01
8.894999623298645020e-01
9.093000888824462891e-01
9.196000099182128906e-01
8.084999322891235352e-01
8.957999944686889648e-01
9.084998369216918945e-01
9.194000363349914551e-01
8.775000572204589844e-01
9.202000498771667480e-01
9.129000902175903320e-01
9.220000505447387695e-01
8.730002045631408691e-01
8.902001380920410156e-01
9.244999885559082031e-01
9.238998889923095703e-01
9.072000980377197266e-01
8.845999836921691895e-01
9.133000373840332031e-01
9.268001317977905273e-01
8.861000537872314453e-01
8.920001983642578125e-01
9.207000136375427246e-01
9.241000413894653320e-01
9.087000489234924316e-01
9.203000664710998535e-01
9.276000857353210449e-01
