3.188000023365020752e-01
5.505999922752380371e-01
6.639998555183410645e-01
6.037999987602233887e-01
6.066998839378356934e-01
6.978999972343444824e-01
7.087999582290649414e-01
6.081001162528991699e-01
6.943997740745544434e-01
7.223001718521118164e-01
7.504001855850219727e-01
7.751998901367187500e-01
7.640998959541320801e-01
7.256000041961669922e-01
7.493999600410461426e-01
7.766000628471374512e-01
7.924000620841979980e-01
7.516000866889953613e-01
7.913998961448669434e-01
7.960998415946960449e-01
8.090999722480773926e-01
8.171001672744750977e-01
8.214997649192810059e-01
7.965000271797180176e-01
8.154997825622558594e-01
8.238999843597412109e-01
8.332999944686889648e-01
8.348000049591064453e-01
8.305999636650085449e-01
8.296001553535461426e-01
8.374999165534973145e-01
8.445999622344970703e-01
8.364000916481018066e-01
8.289002776145935059e-01
8.800999522209167480e-01
8.647001385688781738e-01
8.606998920440673828e-01
8.588001728057861328e-01
8.569000363349914551e-01
8.452998995780944824e-01
8.649998307228088379e-01
8.723999261856079102e-01
8.554999828338623047e-01
8.318001627922058105e-01
8.456000685691833496e-01
8.450001478195190430e-01
8.765001893043518066e-01
8.987001180648803711e-01
8.873001337051391602e-01
9.002999663352966309e-01
8.996999859809875488e-01
8.557000160217285156e-01
9.005004167556762695e-01
8.934001326560974121e-01
8.952003717422485352e-01
8.955999612808227539e-01
8.976999521255493164e-01
8.973999619483947754e-01
9.089000225067138672e-01
9.005000591278076172e-01
9.008001685142517090e-01
9.018000960350036621e-01
9.087998270988464355e-01
9.144000411033630371e-01
8.947998881340026855e-01
9.152000546455383301e-01
9.242002367973327637e-01
9.230000376701354980e-01
9.127998948097229004e-01
9.248000383377075195e-01
9.191000461578369141e-01
9.262000918388366699e-01
9.217998385429382324e-01
9.157999157905578613e-01
9.270004034042358398e-01
9.247998595237731934e-01
9.208998084068298340e-01
9.176998734474182129e-01
9.201000928878784180e-01
9.221000075340270996e-01
9.178001880645751953e-01
9.288002848625183105e-01
9.205999970436096191e-01
9.229999780654907227e-01
9.249000549316406250e-01
9.254000782966613770e-01
9.305000901222229004e-01
9.290000796318054199e-01
9.260000586509704590e-01
9.256002306938171387e-01
9.258998632431030273e-01
9.267998337745666504e-01
9.309998154640197754e-01
9.284999370574951172e-01
9.371003174781799316e-01
9.254000353813171387e-01
9.234000134468078613e-01
9.257001972198486328e-01
9.259001302719116211e-01
9.263001465797424316e-01
