3.365000188350677490e-01
4.822999238967895508e-01
6.050000786781311035e-01
6.010998487472534180e-01
6.989001631736755371e-01
7.386001348495483398e-01
7.524999976158142090e-01
7.590999007225036621e-01
7.741001844406127930e-01
7.769001126289367676e-01
7.982999682426452637e-01
7.980998158454895020e-01
8.020998239517211914e-01
8.050997853279113770e-01
8.141999244689941406e-01
8.217001557350158691e-01
8.249000310897827148e-01
8.357000946998596191e-01
8.396001458168029785e-01
8.384001851081848145e-01
8.481997847557067871e-01
8.474996089935302734e-01
8.519998192787170410e-01
8.572000861167907715e-01
8.610000610351562500e-01
8.635001182556152344e-01
8.667001128196716309e-01
8.688001036643981934e-01
8.733001947402954102e-01
8.741000294685363770e-01
8.761000633239746094e-01
8.762000203132629395e-01
8.772000670433044434e-01
8.802002668380737305e-01
8.814000487327575684e-01
8.861002326011657715e-01
8.850001692771911621e-01
8.870003223419189453e-01
8.873004317283630371e-01
8.891004323959350586e-01
8.916003704071044922e-01
8.921003937721252441e-01
8.935002684593200684e-01
8.951002359390258789e-01
8.965002298355102539e-01
8.981001377105712891e-01
8.970001339912414551e-01
8.969002366065979004e-01
8.985002040863037109e-01
8.982001543045043945e-01
9.028001427650451660e-01
9.016002416610717773e-01
9.034000635147094727e-01
9.039000868797302246e-01
9.033001065254211426e-01
9.040001034736633301e-01
9.065003395080566406e-01
9.061001539230346680e-01
9.073001146316528320e-01
9.062001705169677734e-01
9.082000255584716797e-01
9.068000912666320801e-01
9.091001152992248535e-01
9.079000353813171387e-01
9.110999107360839844e-01
9.112998247146606445e-01
9.122999310493469238e-01
9.121000170707702637e-01
9.129000306129455566e-01
9.137000441551208496e-01
9.142000079154968262e-01
9.136000275611877441e-01
9.145000576972961426e-01
9.149998426437377930e-01
9.154998660087585449e-01
9.157998561859130859e-01
9.156998991966247559e-01
9.161000251770019531e-01
9.166997671127319336e-01
9.189997911453247070e-01
9.158000946044921875e-01
9.161998629570007324e-01
9.167000055313110352e-01
9.167998433113098145e-01
9.152998328208923340e-01
9.161998629570007324e-01
9.174998402595520020e-01
9.193999767303466797e-01
9.180999994277954102e-01
9.197000265121459961e-01
9.205998778343200684e-01
9.187999963760375977e-01
9.212000966072082520e-01
9.194000363349914551e-01
9.212000370025634766e-01
9.201000332832336426e-01
9.192998409271240234e-01
9.189998507499694824e-01
9.203999042510986328e-01
9.214001297950744629e-01
