3.619000315666198730e-01
6.589000225067138672e-01
6.971001625061035156e-01
7.204000949859619141e-01
7.323000431060791016e-01
7.561000585556030273e-01
7.694001793861389160e-01
7.826001048088073730e-01
7.927998900413513184e-01
8.055000305175781250e-01
8.147997856140136719e-01
8.227001428604125977e-01
8.254002332687377930e-01
8.328001499176025391e-01
8.396998643875122070e-01
8.422000408172607422e-01
8.427000641822814941e-01
8.558998107910156250e-01
8.601999878883361816e-01
8.647999763488769531e-01
8.691999912261962891e-01
8.695999979972839355e-01
8.732999563217163086e-01
8.799000382423400879e-01
8.838004469871520996e-01
8.857002854347229004e-01
8.855999708175659180e-01
8.884001374244689941e-01
8.934001326560974121e-01
8.936001062393188477e-01
8.952999711036682129e-01
8.981001377105712891e-01
9.015001058578491211e-01
9.036000967025756836e-01
9.048998951911926270e-01
9.052999615669250488e-01
9.066001176834106445e-01
9.059999585151672363e-01
9.097000956535339355e-01
9.090000391006469727e-01
9.117001295089721680e-01
9.125000834465026855e-01
9.138001799583435059e-01
9.158999919891357422e-01
9.172002673149108887e-01
9.180001020431518555e-01
9.185001850128173828e-01
9.196003079414367676e-01
9.204000830650329590e-01
9.211998581886291504e-01
9.213998913764953613e-01
9.200000762939453125e-01
9.215000271797180176e-01
9.217998981475830078e-01
9.247999787330627441e-01
9.237000346183776855e-01
9.240998625755310059e-01
9.254000186920166016e-01
9.262998700141906738e-01
9.261000156402587891e-01
9.261999726295471191e-01
9.283999800682067871e-01
9.293000102043151855e-01
9.286000132560729980e-01
9.294000864028930664e-01
9.297000169754028320e-01
9.298000335693359375e-01
9.305999875068664551e-01
9.300001263618469238e-01
9.314000606536865234e-01
9.311000108718872070e-01
9.322001934051513672e-01
9.312000274658203125e-01
9.323999881744384766e-01
9.320999383926391602e-01
9.330000877380371094e-01
9.345000386238098145e-01
9.350001811981201172e-01
9.345000982284545898e-01
9.352999925613403320e-01
9.350000619888305664e-01
9.350001811981201172e-01
9.361000657081604004e-01
9.362002015113830566e-01
9.359002113342285156e-01
9.352999329566955566e-01
9.366000294685363770e-01
9.359000325202941895e-01
9.370002150535583496e-01
9.371000528335571289e-01
9.373000860214233398e-01
9.362999796867370605e-01
9.372000098228454590e-01
9.379000663757324219e-01
9.369002580642700195e-01
9.381000399589538574e-01
9.377999901771545410e-01
9.386001825332641602e-01
9.378002285957336426e-01
9.387999773025512695e-01
