3.800999820232391357e-01
4.491998553276062012e-01
5.282001495361328125e-01
5.901999473571777344e-01
6.191999316215515137e-01
6.613001227378845215e-01
6.810000538825988770e-01
6.952999830245971680e-01
7.152999043464660645e-01
7.338000535964965820e-01
7.647998929023742676e-01
7.669000029563903809e-01
7.828000783920288086e-01
7.984002828598022461e-01
8.037002086639404297e-01
8.056001067161560059e-01
8.128001689910888672e-01
8.257001638412475586e-01
8.322001099586486816e-01
8.355002403259277344e-01
8.023000359535217285e-01
8.353999257087707520e-01
8.439000844955444336e-01
8.585998415946960449e-01
8.287000060081481934e-01
8.788999319076538086e-01
8.044000864028930664e-01
8.861000537872314453e-01
7.832999229431152344e-01
8.636000156402587891e-01
8.846001625061035156e-01
8.699002861976623535e-01
8.843999505043029785e-01
8.739000558853149414e-01
8.916999697685241699e-01
8.795001506805419922e-01
8.827002644538879395e-01
8.979001045227050781e-01
9.023001194000244141e-01
8.303002715110778809e-01
8.553000688552856445e-01
8.738999962806701660e-01
8.975000977516174316e-01
8.621000051498413086e-01
8.945999741554260254e-01
8.986999392509460449e-01
9.041999578475952148e-01
8.943998813629150391e-01
9.067000746726989746e-01
8.594000339508056641e-01
8.845996856689453125e-01
9.082998037338256836e-01
9.128000736236572266e-01
9.098998904228210449e-01
9.030998945236206055e-01
9.182000756263732910e-01
9.063003659248352051e-01
9.041998982429504395e-01
9.066001772880554199e-01
9.171000719070434570e-01
9.198000431060791016e-01
9.169998764991760254e-01
9.164001345634460449e-01
9.210000634193420410e-01
9.012001752853393555e-01
9.261000156402587891e-01
9.172999858856201172e-01
9.238000512123107910e-01
9.044997692108154297e-01
9.136001467704772949e-01
9.264997839927673340e-01
9.270999431610107422e-01
9.285998344421386719e-01
9.312000870704650879e-01
9.177001118659973145e-01
9.256001114845275879e-01
9.151999950408935547e-01
9.184001088142395020e-01
9.196001291275024414e-01
9.234000444412231445e-01
9.098999500274658203e-01
9.191998839378356934e-01
9.211999773979187012e-01
9.285999536514282227e-01
9.218999743461608887e-01
9.116001725196838379e-01
9.220998883247375488e-01
9.287999868392944336e-01
9.109003639221191406e-01
8.985002636909484863e-01
9.202998280525207520e-01
9.271997213363647461e-01
9.343000316619873047e-01
9.155002427101135254e-01
9.283001017570495605e-01
9.302999973297119141e-01
9.129000902175903320e-01
9.297996759414672852e-01
9.305999875068664551e-01
9.265000224113464355e-01
