2.953000366687774658e-01
4.669000208377838135e-01
5.746999979019165039e-01
5.984000563621520996e-01
6.240999698638916016e-01
6.493999958038330078e-01
6.768997907638549805e-01
6.876000165939331055e-01
7.017998695373535156e-01
7.276001572608947754e-01
7.504001855850219727e-01
7.720001339912414551e-01
7.960999011993408203e-01
8.053000569343566895e-01
8.171001672744750977e-01
8.236000537872314453e-01
8.283002376556396484e-01
8.352001309394836426e-01
8.401999473571777344e-01
8.525000810623168945e-01
8.448998332023620605e-01
8.580000996589660645e-01
8.622001409530639648e-01
8.602000474929809570e-01
8.630999922752380371e-01
8.668999671936035156e-01
8.714000582695007324e-01
8.726001977920532227e-01
8.740001916885375977e-01
8.754000067710876465e-01
8.798002600669860840e-01
8.801999688148498535e-01
8.892999291419982910e-01
8.842999935150146484e-01
8.835000395774841309e-01
8.861002922058105469e-01
8.894001841545104980e-01
8.907001614570617676e-01
8.919001817703247070e-01
8.914000988006591797e-01
8.899000287055969238e-01
8.960999846458435059e-01
8.994003534317016602e-01
8.987002372741699219e-01
8.969999551773071289e-01
9.006001353263854980e-01
9.010001420974731445e-01
9.091998934745788574e-01
9.034000635147094727e-01
9.048001766204833984e-01
9.057000875473022461e-01
9.059000611305236816e-01
9.108000993728637695e-01
9.122001528739929199e-01
9.160000085830688477e-01
9.153001904487609863e-01
9.165999889373779297e-01
9.137998819351196289e-01
9.122000336647033691e-01
9.158999919891357422e-01
9.150001406669616699e-01
9.137001633644104004e-01
9.163002967834472656e-01
9.172002673149108887e-01
9.190003275871276855e-01
9.206001758575439453e-01
9.227998852729797363e-01
9.211000800132751465e-01
9.201001524925231934e-01
9.218999743461608887e-01
9.202001690864562988e-01
9.232000708580017090e-01
9.200002551078796387e-01
9.254000782966613770e-01
9.262000322341918945e-01
9.276998043060302734e-01
9.288998246192932129e-01
9.263999462127685547e-01
9.259000420570373535e-01
9.230999946594238281e-01
9.265998601913452148e-01
9.246000647544860840e-01
9.192997813224792480e-01
9.239999651908874512e-01
9.250998497009277344e-01
9.258000254631042480e-01
9.277999997138977051e-01
9.295999407768249512e-01
9.269000291824340820e-01
9.294999837875366211e-01
9.277998208999633789e-01
9.284997582435607910e-01
9.297997951507568359e-01
9.286997914314270020e-01
9.289000630378723145e-01
9.299999475479125977e-01
9.278999567031860352e-01
9.281000494956970215e-01
9.267998337745666504e-01
9.312997460365295410e-01
