2.899000048637390137e-01
5.317001342773437500e-01
6.453999280929565430e-01
6.803999543190002441e-01
7.095000743865966797e-01
7.260000705718994141e-01
7.375999689102172852e-01
7.498000860214233398e-01
7.555999159812927246e-01
7.596001625061035156e-01
7.666999101638793945e-01
7.701001167297363281e-01
7.731000781059265137e-01
7.789000868797302246e-01
7.843000292778015137e-01
7.868000268936157227e-01
7.933999896049499512e-01
8.078001141548156738e-01
8.318001627922058105e-01
8.302999734878540039e-01
8.310001492500305176e-01
7.896000146865844727e-01
8.629000782966613770e-01
8.666000962257385254e-01
8.623999953269958496e-01
8.327000141143798828e-01
8.503999114036560059e-01
8.465000987052917480e-01
8.656001091003417969e-01
8.258999586105346680e-01
8.311001658439636230e-01
8.706001043319702148e-01
8.841001391410827637e-01
7.590001821517944336e-01
8.450999259948730469e-01
8.573998808860778809e-01
8.887001276016235352e-01
8.695000410079956055e-01
8.273000121116638184e-01
8.875000476837158203e-01
8.633000850677490234e-01
8.423997759819030762e-01
8.741000890731811523e-01
8.826999068260192871e-01
8.942998647689819336e-01
8.359999656677246094e-01
8.901999592781066895e-01
7.876000404357910156e-01
8.912001848220825195e-01
8.074999451637268066e-01
9.120997786521911621e-01
9.051997661590576172e-01
9.115000367164611816e-01
8.625002503395080566e-01
8.672999739646911621e-01
9.005999565124511719e-01
9.122998714447021484e-01
8.691998124122619629e-01
8.752000927925109863e-01
9.180003404617309570e-01
9.178001880645751953e-01
8.719000816345214844e-01
9.095000624656677246e-01
9.063999056816101074e-01
9.153000116348266602e-01
8.026999831199645996e-01
9.091998338699340820e-01
9.139999151229858398e-01
9.185000658035278320e-01
9.003998637199401855e-01
8.870999813079833984e-01
9.202998280525207520e-01
9.243001341819763184e-01
9.163000583648681641e-01
9.113999009132385254e-01
9.151998162269592285e-01
9.176003336906433105e-01
8.943999409675598145e-01
9.183000922203063965e-01
9.189000129699707031e-01
9.234998822212219238e-01
9.010000514984130859e-01
9.111999797821044922e-01
9.149000048637390137e-01
9.283000230789184570e-01
9.163998961448669434e-01
9.173001646995544434e-01
9.257000088691711426e-01
9.287998080253601074e-01
9.299002885818481445e-01
9.281998276710510254e-01
9.304000735282897949e-01
9.246002030372619629e-01
9.235999178886413574e-01
9.304002523422241211e-01
9.208999872207641602e-01
9.202998471260070801e-01
9.238002896308898926e-01
9.357002377510070801e-01
9.344002008438110352e-01
