2.739999294281005859e-01
4.269999265670776367e-01
5.359999537467956543e-01
5.864000320434570312e-01
5.777999758720397949e-01
6.175000667572021484e-01
6.519999504089355469e-01
6.604000329971313477e-01
6.748000383377075195e-01
6.916000247001647949e-01
7.076999545097351074e-01
7.081999182701110840e-01
7.132999897003173828e-01
7.314000129699707031e-01
7.503000497817993164e-01
7.548000812530517578e-01
7.580001950263977051e-01
7.735999822616577148e-01
7.796001434326171875e-01
7.828999161720275879e-01
6.736998558044433594e-01
8.179001808166503906e-01
7.925002574920654297e-01
8.063999414443969727e-01
8.139002323150634766e-01
8.081000447273254395e-01
8.466001152992248535e-01
8.428003191947937012e-01
7.689002156257629395e-01
8.020999431610107422e-01
8.646999597549438477e-01
8.662002086639404297e-01
8.488001227378845215e-01
8.173000216484069824e-01
8.095000982284545898e-01
8.539000153541564941e-01
7.970000505447387695e-01
7.876000404357910156e-01
8.158003091812133789e-01
8.586002588272094727e-01
8.761001825332641602e-01
8.833002448081970215e-01
8.737999796867370605e-01
8.835001587867736816e-01
8.641002178192138672e-01
8.900002837181091309e-01
8.715000748634338379e-01
8.784003257751464844e-01
8.244000077247619629e-01
8.349002003669738770e-01
8.537001013755798340e-01
8.784999847412109375e-01
8.714000582695007324e-01
8.713002800941467285e-01
8.975999355316162109e-01
8.996001482009887695e-01
8.037000298500061035e-01
8.478001356124877930e-01
8.995999693870544434e-01
8.984999060630798340e-01
8.784000873565673828e-01
8.734998106956481934e-01
8.773000240325927734e-01
8.969001173973083496e-01
8.810001611709594727e-01
9.009999632835388184e-01
8.964999914169311523e-01
9.023001790046691895e-01
8.518000245094299316e-01
8.572000265121459961e-01
8.639001250267028809e-01
8.992999792098999023e-01
6.166999936103820801e-01
8.066000342369079590e-01
8.981001377105712891e-01
9.052001237869262695e-01
8.469000458717346191e-01
8.746001720428466797e-01
8.579002618789672852e-01
8.899002671241760254e-01
8.909999728202819824e-01
8.463001251220703125e-01
8.822999596595764160e-01
9.057999253273010254e-01
8.666999936103820801e-01
8.800000548362731934e-01
8.954997062683105469e-01
9.031997919082641602e-01
9.063998460769653320e-01
9.084999561309814453e-01
9.003998041152954102e-01
9.082999229431152344e-01
8.568999767303466797e-01
8.697002530097961426e-01
8.929998278617858887e-01
9.067998528480529785e-01
8.843002319335937500e-01
6.082001328468322754e-01
8.248000144958496094e-01
8.998998403549194336e-01
