3.106999695301055908e-01
4.744999408721923828e-01
6.306999325752258301e-01
6.273999214172363281e-01
6.459000110626220703e-01
6.302998065948486328e-01
6.619999408721923828e-01
6.295999884605407715e-01
6.763002872467041016e-01
7.069000005722045898e-01
7.263000011444091797e-01
7.274000048637390137e-01
7.417999505996704102e-01
7.333000302314758301e-01
7.411000132560729980e-01
7.565000057220458984e-01
7.592999935150146484e-01
7.808000445365905762e-01
7.970998287200927734e-01
7.648001313209533691e-01
7.819001078605651855e-01
7.964000105857849121e-01
7.992999553680419922e-01
7.798001766204833984e-01
7.947999835014343262e-01
8.286001682281494141e-01
8.356999754905700684e-01
8.347001075744628906e-01
8.337999582290649414e-01
8.335998654365539551e-01
8.365999460220336914e-01
8.394998908042907715e-01
8.514999151229858398e-01
8.457999229431152344e-01
8.577998280525207520e-01
7.894001007080078125e-01
8.404000997543334961e-01
8.372999429702758789e-01
8.393999338150024414e-01
8.721999526023864746e-01
8.749999403953552246e-01
8.799999952316284180e-01
8.687999844551086426e-01
8.793997168540954590e-01
8.756000399589538574e-01
8.773999810218811035e-01
8.822999596595764160e-01
8.843001723289489746e-01
8.882999420166015625e-01
8.898999691009521484e-01
8.849000334739685059e-01
8.859001994132995605e-01
8.860000371932983398e-01
8.876001834869384766e-01
8.873000144958496094e-01
8.964002132415771484e-01
8.907001614570617676e-01
8.917000293731689453e-01
8.889999985694885254e-01
8.961001038551330566e-01
8.989999890327453613e-01
8.992998600006103516e-01
8.970999717712402344e-01
9.029002189636230469e-01
8.964999914169311523e-01
9.000000953674316406e-01
9.037000536918640137e-01
9.040000438690185547e-01
9.037999510765075684e-01
9.065000414848327637e-01
9.101000428199768066e-01
9.083001613616943359e-01
9.086001515388488770e-01
9.079000949859619141e-01
9.078999161720275879e-01
9.101999402046203613e-01
9.098000526428222656e-01
9.097000360488891602e-01
9.115000367164611816e-01
9.109000563621520996e-01
9.117000699043273926e-01
9.108999371528625488e-01
9.097998738288879395e-01
8.952999114990234375e-01
9.033000469207763672e-01
9.107998609542846680e-01
9.121998548507690430e-01
9.105998873710632324e-01
9.128997325897216797e-01
9.131999015808105469e-01
9.140000939369201660e-01
9.100000858306884766e-01
9.110000729560852051e-01
9.154998660087585449e-01
9.192000031471252441e-01
9.192999005317687988e-01
9.148001670837402344e-01
9.202000498771667480e-01
9.199998974800109863e-01
9.124000072479248047e-01
