2.768000364303588867e-01
4.569000005722045898e-01
5.488000512123107910e-01
5.599000453948974609e-01
5.978000164031982422e-01
6.236999630928039551e-01
7.080001235008239746e-01
7.460000514984130859e-01
7.491000294685363770e-01
7.672001123428344727e-01
7.698001265525817871e-01
7.846000194549560547e-01
7.801998853683471680e-01
7.896001338958740234e-01
7.582000494003295898e-01
7.654001116752624512e-01
7.834001183509826660e-01
7.911001443862915039e-01
7.990000247955322266e-01
8.467001318931579590e-01
8.403999209403991699e-01
8.595001101493835449e-01
8.497001528739929199e-01
8.522000908851623535e-01
8.602001070976257324e-01
8.690003156661987305e-01
8.758002519607543945e-01
8.798000812530517578e-01
8.725002408027648926e-01
8.789002895355224609e-01
8.802000284194946289e-01
8.903999924659729004e-01
8.886998891830444336e-01
8.900998830795288086e-01
8.867999911308288574e-01
8.928999900817871094e-01
8.947998285293579102e-01
8.962000012397766113e-01
8.969997167587280273e-01
8.942996859550476074e-01
8.948997259140014648e-01
9.012998938560485840e-01
8.988999128341674805e-01
8.988999724388122559e-01
9.007996320724487305e-01
9.058999419212341309e-01
9.166000485420227051e-01
9.153000116348266602e-01
9.155998826026916504e-01
9.180000424385070801e-01
9.128999114036560059e-01
9.165999889373779297e-01
9.174998402595520020e-01
9.172999858856201172e-01
9.110000729560852051e-01
9.116998314857482910e-01
9.178999066352844238e-01
9.161999225616455078e-01
9.208000302314758301e-01
9.212998151779174805e-01
9.221997857093811035e-01
9.254002571105957031e-01
9.240999817848205566e-01
9.227998256683349609e-01
9.254000186920166016e-01
9.261000156402587891e-01
9.259998798370361328e-01
9.269998669624328613e-01
9.272997975349426270e-01
9.226998686790466309e-01
9.211999773979187012e-01
9.267998337745666504e-01
9.280998110771179199e-01
9.293999671936035156e-01
9.297997951507568359e-01
9.292998313903808594e-01
9.282998442649841309e-01
9.180999588966369629e-01
9.146999120712280273e-01
9.245001077651977539e-01
9.309999346733093262e-01
9.311997294425964355e-01
9.321997761726379395e-01
9.328998327255249023e-01
9.316998124122619629e-01
9.327999353408813477e-01
9.330999255180358887e-01
9.322997927665710449e-01
9.356998205184936523e-01
9.369999766349792480e-01
9.344998002052307129e-01
9.348999857902526855e-01
9.371998310089111328e-01
9.369997978210449219e-01
9.363998174667358398e-01
9.376000165939331055e-01
9.334998130798339844e-01
9.328997731208801270e-01
9.336997866630554199e-01
9.342997074127197266e-01
