2.982999682426452637e-01
4.593998193740844727e-01
5.592000484466552734e-01
5.958999991416931152e-01
6.486999988555908203e-01
6.673000454902648926e-01
6.932000517845153809e-01
7.115001678466796875e-01
7.057999968528747559e-01
7.339000105857849121e-01
7.478998303413391113e-01
7.745000720024108887e-01
7.835999131202697754e-01
7.912998795509338379e-01
7.936999797821044922e-01
8.070997595787048340e-01
8.113999366760253906e-01
8.207999467849731445e-01
8.431999087333679199e-01
8.415000438690185547e-01
8.491998910903930664e-01
8.462001085281372070e-01
8.479000329971313477e-01
8.483000397682189941e-01
8.549000620841979980e-01
8.704003095626831055e-01
8.686998486518859863e-01
8.616002798080444336e-01
8.684999942779541016e-01
8.741999864578247070e-01
8.765001893043518066e-01
8.815001845359802246e-01
8.818999528884887695e-01
8.810002207756042480e-01
8.869001865386962891e-01
8.883002400398254395e-01
8.910001516342163086e-01
8.930001258850097656e-01
8.978000879287719727e-01
8.964999318122863770e-01
8.963002562522888184e-01
9.046000838279724121e-01
9.056999087333679199e-01
9.074999094009399414e-01
9.071001410484313965e-01
9.030001759529113770e-01
9.090999364852905273e-01
9.118999242782592773e-01
9.138000011444091797e-01
9.147999286651611328e-01
9.149000048637390137e-01
9.155000448226928711e-01
9.165001511573791504e-01
9.159001111984252930e-01
9.243000745773315430e-01
9.200001358985900879e-01
9.233001470565795898e-01
9.243000149726867676e-01
9.277001023292541504e-01
9.272000789642333984e-01
9.253001213073730469e-01
9.236000180244445801e-01
9.268001317977905273e-01
9.248998761177062988e-01
9.272000789642333984e-01
9.297000765800476074e-01
9.316000938415527344e-01
9.299002885818481445e-01
9.292002916336059570e-01
9.308001995086669922e-01
9.316000938415527344e-01
9.328000545501708984e-01
9.339000582695007324e-01
9.249000549316406250e-01
9.275001287460327148e-01
9.317000508308410645e-01
9.338001012802124023e-01
9.351999163627624512e-01
9.312003254890441895e-01
9.333002567291259766e-01
9.340001940727233887e-01
9.348003268241882324e-01
9.335002899169921875e-01
9.333000183105468750e-01
9.360999464988708496e-01
9.344002008438110352e-01
9.349002242088317871e-01
9.353999495506286621e-01
9.356999397277832031e-01
9.301000833511352539e-01
9.211000800132751465e-01
9.310000538825988770e-01
9.335002303123474121e-01
9.312000274658203125e-01
9.341999888420104980e-01
9.339000582695007324e-01
9.358000159263610840e-01
8.934001922607421875e-01
9.344000816345214844e-01
9.357998371124267578e-01
