3.383001089096069336e-01
4.352000951766967773e-01
5.350999236106872559e-01
5.930001139640808105e-01
5.964000225067138672e-01
6.466999053955078125e-01
6.715000867843627930e-01
6.729999780654907227e-01
6.922000646591186523e-01
7.094999551773071289e-01
7.208000421524047852e-01
7.330001592636108398e-01
7.425999641418457031e-01
7.553000450134277344e-01
7.705001831054687500e-01
7.686002850532531738e-01
7.807999253273010254e-01
7.866001725196838379e-01
8.020000457763671875e-01
7.981998324394226074e-01
8.069000840187072754e-01
8.098002076148986816e-01
8.212999701499938965e-01
8.245001435279846191e-01
8.192999958992004395e-01
8.250998854637145996e-01
8.404998183250427246e-01
8.349999189376831055e-01
8.386998176574707031e-01
8.448001146316528320e-01
8.523000478744506836e-01
8.541001081466674805e-01
8.546001315116882324e-01
8.589001297950744629e-01
8.639001250267028809e-01
8.653000593185424805e-01
8.639002442359924316e-01
8.667000532150268555e-01
8.761000037193298340e-01
8.715999722480773926e-01
8.748999238014221191e-01
8.777997493743896484e-01
8.867001533508300781e-01
8.788999319076538086e-01
8.821999430656433105e-01
8.866999149322509766e-01
8.919999003410339355e-01
8.883000016212463379e-01
8.929001092910766602e-01
8.957999348640441895e-01
8.972999453544616699e-01
8.971998691558837891e-01
9.001999497413635254e-01
9.030999541282653809e-01
9.057999253273010254e-01
8.996999859809875488e-01
8.991999626159667969e-01
9.046001434326171875e-01
9.100000262260437012e-01
9.065001010894775391e-01
9.038001298904418945e-01
9.073000550270080566e-01
9.127998352050781250e-01
9.093000888824462891e-01
9.104999303817749023e-01
9.083998203277587891e-01
9.143000245094299316e-01
9.125000238418579102e-01
9.135999083518981934e-01
9.137000441551208496e-01
9.156000614166259766e-01
9.156000614166259766e-01
9.150999188423156738e-01
9.153998494148254395e-01
9.184000492095947266e-01
9.174000024795532227e-01
9.173000454902648926e-01
9.183998703956604004e-01
9.217998981475830078e-01
9.195998907089233398e-01
9.206001758575439453e-01
9.211001396179199219e-01
9.216000437736511230e-01
9.210001230239868164e-01
9.215998649597167969e-01
9.219999909400939941e-01
9.221000671386718750e-01
9.223000407218933105e-01
9.234001040458679199e-01
9.236000180244445801e-01
9.240000247955322266e-01
9.244000315666198730e-01
9.255000352859497070e-01
9.245002269744873047e-01
9.248001575469970703e-01
9.229001402854919434e-01
9.242000579833984375e-01
9.251000881195068359e-01
9.255000948905944824e-01
9.254000782966613770e-01
