4.187999963760375977e-01
4.507000446319580078e-01
5.259999036788940430e-01
5.686000585556030273e-01
5.949997901916503906e-01
6.276999711990356445e-01
6.594001054763793945e-01
6.799002289772033691e-01
6.943002343177795410e-01
7.047999501228332520e-01
7.260000109672546387e-01
7.290999889373779297e-01
7.477999925613403320e-01
7.490999698638916016e-01
7.614001631736755371e-01
7.629998922348022461e-01
7.753999829292297363e-01
7.783999443054199219e-01
7.878999114036560059e-01
7.893000245094299316e-01
7.976002693176269531e-01
8.021000623703002930e-01
8.176999092102050781e-01
8.125000000000000000e-01
8.182997703552246094e-01
8.183000087738037109e-01
8.247998952865600586e-01
8.295998573303222656e-01
8.292999267578125000e-01
8.335000872611999512e-01
8.401000499725341797e-01
8.353999257087707520e-01
8.368000984191894531e-01
8.480001091957092285e-01
8.498000502586364746e-01
8.469001650810241699e-01
8.480001688003540039e-01
8.502001166343688965e-01
8.501002788543701172e-01
8.515001535415649414e-01
8.558000922203063965e-01
8.500001430511474609e-01
8.560000658035278320e-01
8.583998680114746094e-01
8.605998158454895020e-01
8.641997575759887695e-01
8.653999567031860352e-01
8.687996864318847656e-01
8.674997687339782715e-01
8.710999488830566406e-01
8.714999556541442871e-01
8.728998303413391113e-01
8.751997947692871094e-01
8.671998381614685059e-01
8.715000748634338379e-01
8.688001036643981934e-01
8.731001019477844238e-01
8.752000331878662109e-01
8.750000596046447754e-01
8.748000264167785645e-01
8.758997917175292969e-01
8.753998279571533203e-01
8.776000142097473145e-01
8.804999589920043945e-01
8.776999711990356445e-01
8.798999190330505371e-01
8.805999755859375000e-01
8.794999122619628906e-01
8.778000473976135254e-01
8.763000369071960449e-01
8.833999037742614746e-01
8.848999142646789551e-01
8.804998993873596191e-01
8.848999142646789551e-01
8.770998120307922363e-01
8.837999105453491211e-01
8.878999948501586914e-01
8.822999000549316406e-01
8.847999572753906250e-01
8.859001398086547852e-01
8.865998983383178711e-01
8.869999051094055176e-01
8.894000053405761719e-01
8.845000267028808594e-01
8.893001079559326172e-01
8.895000219345092773e-01
8.915001153945922852e-01
8.893999457359313965e-01
8.901000022888183594e-01
8.903999924659729004e-01
8.895999193191528320e-01
8.885999321937561035e-01
8.912999629974365234e-01
8.908999562263488770e-01
8.941001296043395996e-01
8.936001658439636230e-01
8.940002918243408203e-01
8.908999562263488770e-01
8.886001110076904297e-01
8.890001177787780762e-01
