4.529999494552612305e-01
4.357000291347503662e-01
4.882999658584594727e-01
4.785999655723571777e-01
5.222999453544616699e-01
6.023001074790954590e-01
6.487999558448791504e-01
7.056999206542968750e-01
7.115998864173889160e-01
7.131998538970947266e-01
7.348998785018920898e-01
7.351998090744018555e-01
7.367000579833984375e-01
7.500000596046447754e-01
7.383000850677490234e-01
7.522997856140136719e-01
7.579998970031738281e-01
7.667999267578125000e-01
7.629998922348022461e-01
7.667999863624572754e-01
7.806999683380126953e-01
7.932000756263732910e-01
7.850001454353332520e-01
7.752999067306518555e-01
8.093001842498779297e-01
8.274999260902404785e-01
7.994002699851989746e-01
7.944001555442810059e-01
8.100001811981201172e-01
8.110000491142272949e-01
8.095999956130981445e-01
8.085998296737670898e-01
8.155999779701232910e-01
8.160999417304992676e-01
8.152999877929687500e-01
8.196000456809997559e-01
8.199001550674438477e-01
8.058000206947326660e-01
8.520001769065856934e-01
8.729000091552734375e-01
8.759998083114624023e-01
8.572999835014343262e-01
8.511998057365417480e-01
8.466998934745788574e-01
8.463999032974243164e-01
8.322999477386474609e-01
8.140999674797058105e-01
8.132002353668212891e-01
8.152999877929687500e-01
8.171001672744750977e-01
8.243999481201171875e-01
8.239000439643859863e-01
8.299999833106994629e-01
8.640999794006347656e-01
8.601999878883361816e-01
8.569001555442810059e-01
8.572000861167907715e-01
8.610000014305114746e-01
8.606000542640686035e-01
8.633000254631042480e-01
8.619997501373291016e-01
8.727000355720520020e-01
8.819000124931335449e-01
8.719000816345214844e-01
8.715000152587890625e-01
8.863999247550964355e-01
8.761999607086181641e-01
8.909001350402832031e-01
8.847999572753906250e-01
8.800002336502075195e-01
8.790002465248107910e-01
8.795000314712524414e-01
8.799000382423400879e-01
8.794000148773193359e-01
8.782000541687011719e-01
8.763999938964843750e-01
8.845000267028808594e-01
8.957001566886901855e-01
8.953001499176025391e-01
8.897999525070190430e-01
8.866001367568969727e-01
8.853002190589904785e-01
8.887003064155578613e-01
8.670999407768249512e-01
8.722999095916748047e-01
8.923001885414123535e-01
8.915001153945922852e-01
8.886999487876892090e-01
8.909002542495727539e-01
9.001001119613647461e-01
8.960001468658447266e-01
9.080998897552490234e-01
9.020001292228698730e-01
9.027999639511108398e-01
9.007001519203186035e-01
9.009998440742492676e-01
9.024000763893127441e-01
9.012001156806945801e-01
8.973001241683959961e-01
8.926999568939208984e-01
