3.280000388622283936e-01
3.805000185966491699e-01
4.419999718666076660e-01
5.334000587463378906e-01
5.644000172615051270e-01
6.049000024795532227e-01
6.674998402595520020e-01
6.856999993324279785e-01
6.929000020027160645e-01
7.035999298095703125e-01
7.195998430252075195e-01
7.308999896049499512e-01
7.321997880935668945e-01
7.455999851226806641e-01
7.613996863365173340e-01
7.596001625061035156e-01
7.815999388694763184e-01
7.919000983238220215e-01
8.136002421379089355e-01
8.104000091552734375e-01
8.094000220298767090e-01
8.253001570701599121e-01
8.294002413749694824e-01
8.360999226570129395e-01
8.372001051902770996e-01
8.457999229431152344e-01
8.490002155303955078e-01
8.524000644683837891e-01
8.571001291275024414e-01
8.578999042510986328e-01
8.618000149726867676e-01
8.666999340057373047e-01
8.660999536514282227e-01
8.676998019218444824e-01
8.819999098777770996e-01
8.779999613761901855e-01
8.768997788429260254e-01
8.796000480651855469e-01
8.811997175216674805e-01
8.817998766899108887e-01
8.842997550964355469e-01
8.834999203681945801e-01
8.891998529434204102e-01
8.874998688697814941e-01
8.884996771812438965e-01
8.905997276306152344e-01
8.926998376846313477e-01
8.953996300697326660e-01
8.950996398925781250e-01
8.957002162933349609e-01
9.020999073982238770e-01
8.949000835418701172e-01
8.993996977806091309e-01
8.983996510505676270e-01
9.007998108863830566e-01
9.013999104499816895e-01
9.005998373031616211e-01
8.998998999595642090e-01
9.014999270439147949e-01
9.037998914718627930e-01
9.045998454093933105e-01
9.055998325347900391e-01
9.060998558998107910e-01
9.044999480247497559e-01
9.090999364852905273e-01
9.084998965263366699e-01
9.100000858306884766e-01
9.104000926017761230e-01
9.103003144264221191e-01
9.084998965263366699e-01
9.136998653411865234e-01
9.141998887062072754e-01
9.124000668525695801e-01
9.134001731872558594e-01
9.153999090194702148e-01
9.122000336647033691e-01
9.146999120712280273e-01
9.154001474380493164e-01
9.165000319480895996e-01
9.170000553131103516e-01
9.198000431060791016e-01
9.106000661849975586e-01
9.168999195098876953e-01
9.180998802185058594e-01
9.168000817298889160e-01
9.185000658035278320e-01
9.194998741149902344e-01
9.203000664710998535e-01
9.172000288963317871e-01
9.175001382827758789e-01
9.217000603675842285e-01
9.231002330780029297e-01
9.238000512123107910e-01
9.264999628067016602e-01
9.265000224113464355e-01
9.220001697540283203e-01
9.227998852729797363e-01
9.262999892234802246e-01
9.259998202323913574e-01
9.233999848365783691e-01
