0.31160006
0.46469992
0.54139996
0.5924001
0.6370998
0.6788
0.71149987
0.7166
0.7768
0.7976001
0.8189
0.82479995
0.8337
0.84979993
0.8608
0.8602001
0.86480004
0.87729985
0.88029975
0.8801998
0.88209975
0.8855001
0.88920003
0.8905003
0.89189994
0.89929986
0.90250003
0.8998
0.9041
0.9059
0.90940017
0.90569997
0.90889996
0.9111996
0.9146001
0.9142001
0.91609997
0.9169
0.9181999
0.92060006
0.9215999
0.9216999
0.9226999
0.9211999
0.92399997
0.9225001
0.9317001
0.9194999
0.9296999
0.9294999
0.92919993
0.9297
0.9290999
0.93059987
0.93039984
0.93
0.9304999
0.9326999
0.9331998
0.92160004
0.9307
0.9307
0.9332
0.9336001
0.9348
0.9347999
0.9344999
0.9343001
0.9364999
0.9349
0.9368
0.93169993
0.9331999
0.9357
0.93719983
0.937
0.93649983
0.9371999
0.9382
0.9375999
0.93860006
0.93970007
0.9402
0.9375999
0.94010013
0.9398001
0.9386999
0.94060004
0.94110006
0.9409001
0.94280005
0.94220006
0.94020003
0.94299996
0.9412001
0.9423
0.94370013
0.94150007
0.94299984
0.9448