0.48579994
0.56899995
0.60029984
0.6300999
0.65589994
0.6685001
0.68799996
0.71729994
0.7265999
0.7368998
0.7924999
0.77149993
0.7771997
0.7917001
0.8197001
0.82060003
0.8236998
0.82619995
0.83039975
0.8458999
0.84529996
0.8484
0.8512001
0.8497
0.8578001
0.8653002
0.8664003
0.8683001
0.8662002
0.87460005
0.87659997
0.87630016
0.87690026
0.88499993
0.88460004
0.88299996
0.8862
0.88499993
0.8881999
0.8899002
0.8919
0.89180017
0.89210004
0.89370024
0.88520026
0.89410007
0.89460003
0.89589995
0.89500004
0.89440006
0.8969
0.8976
0.89990014
0.90130013
0.89759994
0.9003
0.9024999
0.90269995
0.9016002
0.90330017
0.9054
0.9075
0.90600014
0.9076
0.9076002
0.90810025
0.9051999
0.9099002
0.9115001
0.9126001
0.91339993
0.9135
0.9137
0.91569996
0.91230017
0.9161001
0.9156
0.9187002
0.9193001
0.9126001
0.91610014
0.9182002
0.9189001
0.9141001
0.9181001
0.92219996
0.9231001
0.9190003
0.9214001
0.9219002
0.9224002
0.9155
0.9228002
0.9236002
0.9240001
0.91830015
0.9246003
0.9248002
0.92190015
0.92310005