0.27240002
0.36760005
0.56400007
0.5830001
0.53949994
0.54039997
0.7056999
0.6100001
0.6923998
0.76759994
0.65519994
0.7348001
0.7408999
0.7617998
0.79410005
0.8004002
0.8020999
0.8194
0.8004001
0.8225
0.8273001
0.8228001
0.8538002
0.8732999
0.8774
0.87720025
0.8739
0.88150007
0.8832
0.8842001
0.88629997
0.89079994
0.88539976
0.8923998
0.8905998
0.8911
0.89339995
0.8955998
0.8947999
0.89759994
0.89769995
0.8989999
0.8907001
0.89599997
0.89659995
0.9005
0.8924
0.902
0.90110016
0.90610015
0.9087999
0.9101999
0.90809983
0.9088999
0.9094999
0.91029984
0.8891001
0.8953
0.9002002
0.8707002
0.90830016
0.9135999
0.89740014
0.90740013
0.9097999
0.90929985
0.9161999
0.9173997
0.9187001
0.9119996
0.91510016
0.91549987
0.92040014
0.9123
0.91570014
0.9179998
0.9192999
0.8775997
0.90079993
0.92140007
0.9144999
0.92050016
0.92410016
0.92290014
0.9245002
0.92310005
0.91609997
0.92320013
0.91899985
0.9262999
0.92700005
0.92570007
0.9264001
0.92650014
0.92679995
0.9284001
0.9215998
0.92800003
0.92860013
0.92640007