0.26680002
0.48609993
0.5708998
0.5859
0.6019999
0.63369995
0.6315
0.594
0.67019993
0.72170013
0.7228999
0.74910027
0.72209996
0.7252999
0.73049986
0.7063
0.7587001
0.75330013
0.7845001
0.79769987
0.7975998
0.7943998
0.7966001
0.77289987
0.79389995
0.7902999
0.8093
0.82140005
0.8251
0.8310001
0.8374
0.8375002
0.8572999
0.83320004
0.8503001
0.8683
0.8625999
0.8530999
0.8448
0.8541999
0.8391
0.8676999
0.8751001
0.87060016
0.8695998
0.87030005
0.8697999
0.8880001
0.88040024
0.86309963
0.8801001
0.8647001
0.87240005
0.89199996
0.87759995
0.88599974
0.8864001
0.8885
0.8964003
0.8869002
0.8898997
0.89459974
0.84669995
0.8810001
0.8864
0.89129996
0.9002997
0.88870007
0.87530005
0.8725999
0.8650999
0.89089996
0.9012003
0.90420014
0.90780014
0.90750015
0.9068
0.90659994
0.90549994
0.9176999
0.9110999
0.9044
0.8926002
0.8996
0.89739996
0.9183999
0.9185001
0.9218002
0.9201002
0.9259999
0.9198999
0.9026997
0.9123001
0.9073
0.9166
0.9195997
0.92069983
0.91839993
0.9219997
0.9233997