0.264
0.5167
0.63420016
0.66450006
0.64010006
0.6218
0.6585999
0.5961
0.7036
0.71329993
0.7665002
0.7618
0.7581
0.7621
0.76009995
0.7085
0.7722
0.79920006
0.80640036
0.8304003
0.8245002
0.81829983
0.8198998
0.8177998
0.83579993
0.84250015
0.84400016
0.8452001
0.82350004
0.84240013
0.8433001
0.8236
0.82909995
0.83640015
0.85650015
0.86270005
0.86410016
0.875
0.87370014
0.8792999
0.8859998
0.88240004
0.9004002
0.8964
0.89739996
0.89329994
0.8962
0.8971
0.9052003
0.9039004
0.9052001
0.8957
0.9006999
0.9008999
0.9041001
0.9140003
0.8983
0.9029999
0.92069995
0.90360004
0.90019995
0.90560013
0.90449995
0.8811001
0.8957
0.9147001
0.9159
0.9170999
0.90929973
0.90709996
0.9138
0.89950013
0.9065
0.8959997
0.91370016
0.9165999
0.91699994
0.8706
0.92350006
0.9142999
0.89360017
0.91429996
0.92630017
0.91959983
0.91219985
0.9204999
0.92140007
0.91879994
0.91909987
0.9234999
0.9347002
0.91699994
0.92729986
0.9269998
0.9261999
0.9251
0.9287999
0.89690006
0.9179998
0.9273999