0.26890007
0.3768
0.45090002
0.4366999
0.45589992
0.49060005
0.55960006
0.51589996
0.5583999
0.6363999
0.68180007
0.6447
0.6768999
0.69489986
0.7015
0.6998
0.72600013
0.76399994
0.7895999
0.79550004
0.7684002
0.779
0.79480004
0.8045001
0.8179
0.8107
0.8086999
0.8041998
0.8168
0.78169984
0.78859997
0.7929999
0.82230026
0.82780004
0.82689995
0.82469976
0.85900015
0.85999984
0.85279995
0.8395003
0.8501001
0.86149985
0.8458003
0.8506
0.8501
0.8733
0.84819996
0.8429003
0.8478002
0.8611999
0.8479
0.87410027
0.8738001
0.8529002
0.8670999
0.88390005
0.8860002
0.8654
0.8783001
0.8811001
0.88320005
0.8827002
0.8967999
0.8179
0.86549985
0.8916001
0.8825001
0.9025
0.90320015
0.86609983
0.8983998
0.89820004
0.8973999
0.9115999
0.8928
0.8973
0.9021999
0.8947999
0.8845999
0.90949994
0.9027
0.88429993
0.90359974
0.9041997
0.8981
0.8935999
0.8758001
0.89419997
0.89150006
0.8896
0.89800006
0.8709001
0.8933
0.9059999
0.91570014
0.91510016
0.9162999
0.9111999
0.9137999
0.91239995