0.3613
0.5735999
0.6132999
0.70359993
0.66389996
0.6356
0.6531
0.52259994
0.6065999
0.7538003
0.73750013
0.70909995
0.7159001
0.77959985
0.7889999
0.7962998
0.79490006
0.8425002
0.8451
0.85760015
0.85260034
0.8514004
0.8533
0.8638003
0.8448001
0.84929997
0.86069995
0.8777
0.87590015
0.8634002
0.86730033
0.8722
0.86490005
0.88159984
0.8847003
0.87420005
0.88010025
0.8840001
0.88079983
0.8837
0.8821003
0.8792999
0.8889001
0.8930999
0.88859993
0.8854
0.89409995
0.8948999
0.8957002
0.89100003
0.8984998
0.89779997
0.89470005
0.89659995
0.8963002
0.87810016
0.88379997
0.8973
0.9063001
0.8769001
0.88589984
0.8970001
0.91049963
0.9115003
0.90239996
0.9047999
0.90460014
0.9039999
0.90349984
0.9026
0.8975999
0.9027
0.9035999
0.90899986
0.9078
0.90639997
0.90720004
0.90459996
0.89070004
0.9113999
0.89839995
0.8941998
0.8959998
0.8868001
0.9179998
0.9179001
0.9064996
0.9024
0.913
0.9087998
0.9105998
0.91149986
0.9044
0.91279984
0.8976
0.90389967
0.9116
0.91349983
0.9131999
0.90509975