0.23339991
0.50999993
0.6575001
0.5830999
0.6691998
0.69519985
0.74930006
0.7111
0.77099997
0.7704002
0.78420013
0.79529995
0.79810005
0.80600005
0.8309999
0.82899994
0.84249985
0.84639984
0.8494999
0.8568999
0.8533001
0.86279964
0.8682
0.87210006
0.87400013
0.87860006
0.8806
0.8825
0.8864001
0.8848002
0.8892999
0.8905999
0.89250004
0.8927
0.8960998
0.89640003
0.8967998
0.89659995
0.90210015
0.90229994
0.90339994
0.9037
0.9052
0.9052002
0.9062001
0.90879995
0.9113002
0.9084001
0.90680015
0.91000015
0.9115002
0.9104
0.9104001
0.9117
0.9144001
0.9112999
0.91370016
0.91450036
0.9139002
0.91499984
0.9181001
0.91620016
0.9177
0.9175999
0.9169001
0.9157001
0.91850007
0.91789997
0.9191999
0.9188001
0.92020005
0.9171999
0.91949993
0.92139995
0.92149997
0.92309994
0.9165001
0.9191001
0.92069995
0.92329985
0.9240999
0.92270005
0.9246999
0.9237001
0.9243999
0.92490005
0.9267999
0.92270005
0.9253001
0.92590004
0.9273999
0.9275001
0.9256998
0.9262999
0.9267999
0.9274001
0.92960006
0.92509985
0.92889994
0.9299001