8.762999176979064941e-01
9.044998884201049805e-01
9.150999188423156738e-01
9.253999590873718262e-01
9.312999844551086426e-01
9.375000000000000000e-01
9.410000443458557129e-01
9.452999234199523926e-01
9.491000175476074219e-01
9.517999887466430664e-01
9.540998339653015137e-01
9.566998481750488281e-01
9.589996933937072754e-01
9.606996774673461914e-01
9.624997973442077637e-01
9.643996953964233398e-01
9.660996794700622559e-01
9.672998189926147461e-01
9.683997631072998047e-01
9.690998792648315430e-01
9.703998565673828125e-01
9.705998897552490234e-01
9.709998965263366699e-01
9.721000194549560547e-01
9.726000428199768066e-01
9.731001853942871094e-01
9.735001325607299805e-01
9.737001657485961914e-01
9.740000963211059570e-01
9.746001958847045898e-01
9.755001664161682129e-01
9.756001830101013184e-01
9.759001135826110840e-01
9.760000705718994141e-01
9.765000939369201660e-01
9.770000576972961426e-01
9.770000576972961426e-01
9.772000908851623535e-01
9.772000312805175781e-01
9.780000448226928711e-01
9.775000810623168945e-01
9.778000116348266602e-01
9.778000712394714355e-01
9.781998991966247559e-01
9.783000349998474121e-01
9.779000282287597656e-01
9.781000614166259766e-01
9.779999256134033203e-01
9.786000251770019531e-01
9.784000515937805176e-01
