8.721002340316772461e-01
9.032999277114868164e-01
9.175999164581298828e-01
9.261999726295471191e-01
9.346000552177429199e-01
9.406000375747680664e-01
9.438000321388244629e-01
9.471999406814575195e-01
9.499999880790710449e-01
9.532999396324157715e-01
9.557000994682312012e-01
9.580998420715332031e-01
9.606996774673461914e-01
9.626998901367187500e-01
9.639998674392700195e-01
9.651998281478881836e-01
9.659999012947082520e-01
9.679998159408569336e-01
9.690999388694763184e-01
9.698000550270080566e-01
9.706999063491821289e-01
9.709001183509826660e-01
9.713001251220703125e-01
9.720001220703125000e-01
9.730001091957092285e-01
9.737000465393066406e-01
9.736000299453735352e-01
9.740000367164611816e-01
9.743000864982604980e-01
9.743000268936157227e-01
9.746000170707702637e-01
9.749000668525695801e-01
9.758000969886779785e-01
9.759000539779663086e-01
9.761000275611877441e-01
9.763000607490539551e-01
9.765000939369201660e-01
9.767001271247863770e-01
9.767001271247863770e-01
9.767000675201416016e-01
9.769000411033630371e-01
9.771000742912292480e-01
9.769000411033630371e-01
9.771000146865844727e-01
9.773000478744506836e-01
9.774000048637390137e-01
9.774000048637390137e-01
9.775000214576721191e-01
9.776999950408935547e-01
9.778000712394714355e-01
